0 0.138421768707483 0.3474721189591078 0.24902040816326532 0.3058736059479554
0 0.18708843537414965 0.1246096654275093 0.20729251700680273 0.24920074349442378
0 0.4380272108843537 0.12206319702602231 0.14948299319727892 0.24410780669144982
0 0.5854149659863945 0.12721189591078066 0.14195918367346938 0.25442379182156133
0 0.7119319727891156 0.1261895910780669 0.1217142857142857 0.2523791821561338
0 0.8373877551020409 0.37741635687732344 0.12314285714285715 0.17986988847583643
0 0.36183673469387756 0.40157992565055767 0.08512925170068027 0.10842007434944237
0 0.41323809523809524 0.3383828996282528 0.07907482993197279 0.10591078066914497
0 0.1917823129251701 0.5672490706319703 0.15922448979591836 0.1671189591078067
0 0.1574829931972789 0.7376208178438661 0.2268299319727891 0.19016728624535317
0 0.08103401360544218 0.5583643122676579 0.1620544217687075 0.22784386617100372
0 0.7911428571428571 0.8039405204460967 0.09634013605442177 0.14429368029739775
0 0.8686530612244898 0.5209665427509294 0.08591836734693878 0.10349442379182155
0 0.6611972789115647 0.43061338289962825 0.059727891156462584 0.08466542750929368
0 0.4175238095238095 0.624089219330855 0.040625850340136056 0.06275092936802974
0 0.38179591836734694 0.5708178438661711 0.040435374149659864 0.053550185873605945
0 0.3625578231292517 0.6414684014869889 0.03657142857142857 0.05024163568773234
0 0.3515646258503401 0.7005947955390335 0.039020408163265304 0.05442379182156134
0 0.4646530612244898 0.6642936802973978 0.039197278911564624 0.05135687732342007
0 0.4810340136054422 0.6082342007434944 0.04551020408163266 0.058847583643122675
0 0.4677006802721088 0.5584386617100372 0.04937414965986395 0.06496282527881042
0 0.45070748299319724 0.477360594795539 0.054068027210884356 0.0891449814126394
0 0.6030748299319728 0.42490706319702604 0.04731972789115647 0.07604089219330855
0 0.567047619047619 0.6368959107806691 0.05261224489795919 0.06609665427509294
0 0.8450204081632654 0.630910780669145 0.04870748299319728 0.07360594795539034
0 0.5582857142857143 0.7773605947955391 0.04731972789115647 0.07447955390334572
0 0.6067482993197278 0.7823605947955391 0.04795918367346939 0.07128252788104089
0 0.551469387755102 0.5040520446096655 0.03979591836734694 0.053531598513011154