5 0.4101304347826087 0.2522608695652174 0.7188695652173913 0.024173913043478257
5 0.3408260869565217 0.45365217391304347 0.5553478260869565 0.02326086956521739
5 0.2813478260869565 0.5428260869565217 0.02026086956521739 0.6860434782608695
5 0.3186086956521739 0.5588695652173913 0.02026086956521739 0.7243913043478262
5 0.3796086956521739 0.6395217391304348 0.664 0.021130434782608697
5 0.3987826086956522 0.8321304347826086 0.6650434782608696 0.021043478260869563
5 0.7595217391304347 0.3025217391304348 0.026304347826086955 0.20543478260869566
5 0.7605652173913043 0.6836086956521739 0.028391304347826087 0.43347826086956526
5 0.696391304347826 0.5525652173913044 0.02426086956521739 0.1527826086956522
5 0.6917391304347826 0.7405217391304347 0.02117391304347826 0.16221739130434784
5 0.19752173913043478 0.6856086956521739 0.19417391304347825 0.015130434782608695
5 0.41847826086956524 0.6649130434782609 0.2613913043478261 0.02217391304347826
5 0.6539565217391304 0.658695652173913 0.18782608695652175 0.023391304347826086
5 0.6901739130434783 0.7353478260869565 0.02426086956521739 0.127
5 0.5504782608695652 0.7446521739130435 0.042956521739130435 0.13321739130434782
5 0.49769565217391304 0.7539999999999999 0.02434782608695652 0.13943478260869566
5 0.05469565217391304 0.5438695652173913 0.02034782608695652 0.7130000000000001
5 0.08573913043478261 0.5697391304347825 0.03278260869565217 0.7647826086956522
5 0.4935217391304348 0.536608695652174 0.028478260869565217 0.6860434782608695
5 0.5468260869565217 0.5459130434782609 0.029521739130434783 0.7171304347826087
5 0.4313913043478261 0.866304347826087 0.6495217391304348 0.052086956521739135