2 0.76815625 0.5141481481481481 0.126125 0.6570925925925926
2 0.9180625 0.4915925925925926 0.13943750000000002 0.7086296296296297
2 0.8783333333333334 0.4493888888888889 0.10646874999999999 0.5341851851851851
0 0.9305416666666667 0.11392592592592593 0.062093749999999996 0.051037037037037034
0 0.76978125 0.14955555555555555 0.06091666666666666 0.06748148148148148
0 0.8758541666666667 0.15216666666666667 0.05540625 0.05318518518518518
0 0.7482708333333333 0.1509814814814815 0.05864583333333333 0.051759259259259255
1 0.5136875 0.4235555555555556 0.37195833333333334 0.5505185185185185
1 0.14956250000000001 0.6635185185185185 0.2991145833333333 0.6466481481481482
1 0.2501979166666667 0.24125925925925926 0.31276041666666665 0.3568518518518518
1 0.44168749999999996 0.6468148148148147 0.34902083333333334 0.24168518518518517