1 0.17593999999999999 0.15842666666666666 0.18203999999999998 0.31688
1 0.28837999999999997 0.15213333333333331 0.15940000000000001 0.30426666666666663
1 0.39312 0.14770666666666668 0.12932 0.28274666666666665
1 0.46624 0.15034666666666668 0.13206 0.25922666666666666
1 0.19238 0.4735466666666667 0.17658000000000001 0.3202933333333333
1 0.30176 0.45085333333333333 0.15697999999999998 0.29677333333333333
1 0.3999 0.4223733333333333 0.13097999999999999 0.27058666666666664
1 0.47674 0.40543999999999997 0.12172 0.25784
1 0.5505599999999999 0.39205333333333336 0.09570000000000001 0.24405333333333332
1 0.60362 0.38192 0.08993999999999999 0.22378666666666666
1 0.64758 0.37048000000000003 0.08414 0.2041066666666667
1 0.199 0.7745066666666667 0.16484000000000001 0.2941066666666667
1 0.30701999999999996 0.7358666666666667 0.14648 0.27
1 0.39404 0.6900533333333333 0.13812 0.26432
1 0.4703 0.65408 0.11788 0.23696
1 0.8021 0.43296 0.28114 0.37293333333333334
1 0.53672 0.6213866666666666 0.10618000000000001 0.22472
1 0.5963999999999999 0.5953866666666667 0.10438 0.21850666666666665
1 0.64642 0.57928 0.08646 0.196