2 0.4802587800369686 0.7481700554528651 0.10841035120147874 0.1511645101663586
0 0.22665434380776342 0.7163585951940851 0.15526802218114602 0.18591497227356746
0 0.46465804066543437 0.5287985212569316 0.2056007393715342 0.10371534195933456
2 0.7853974121996302 0.8259889094269871 0.0810166358595194 0.20297597042513862
2 0.8697412199630313 0.7733086876155268 0.0956007393715342 0.22277264325323473
2 0.6338632162661738 0.5716820702402957 0.11983364140480592 0.11460258780036968
0 0.8124214417744916 0.5146950092421442 0.05646950092421442 0.03635859519408503
0 0.8954158964879853 0.6565249537892791 0.02711645101663586 0.021219963031423292
0 0.5740850277264326 0.6336783733826248 0.02009242144177449 0.02478743068391867
0 0.5528280961182994 0.7838632162661737 0.18064695009242146 0.13127541589648797
0 0.7166358595194084 0.88181146025878 0.08205175600739371 0.16103512014787433
0 0.5902033271719039 0.871090573012939 0.22478743068391865 0.17020332717190387
0 0.6860443622920517 0.780369685767098 0.029611829944547134 0.036839186691312385
0 0.3655268022181146 0.582532347504621 0.02898336414048059 0.028040665434380777
0 0.4421256931608133 0.6897597042513863 0.031367837338262476 0.03397412199630314
0 0.291645101663586 0.6969685767097967 0.029870609981515712 0.03179297597042514
0 0.4164325323475046 0.6520517560073937 0.1089648798521257 0.13212569316081332
0 0.5357486136783733 0.45149722735674674 0.1290018484288355 0.06321626617375231
0 0.17347504621072088 0.8104066543438078 0.18258780036968578 0.07944547134935305