5 0.5795161290322581 0.20445833333333333 0.7645967741935484 0.060000000000000005
5 0.1360483870967742 0.687875 0.14666666666666667 0.39160416666666664
5 0.2064516129032258 0.6352291666666667 0.14919354838709678 0.0839375
5 0.41634408602150536 0.6907916666666666 0.1696236559139785 0.05222916666666667
5 0.643521505376344 0.7582708333333333 0.17080645161290323 0.07210416666666666
5 0.35043010752688175 0.7955 0.26051075268817203 0.07710416666666667
5 0.6230376344086022 0.8887708333333334 0.20666666666666667 0.08510416666666668
5 0.8930913978494625 0.4387708333333334 0.08112903225806452 0.33389583333333334
5 0.7983870967741935 0.7468958333333333 0.08626344086021506 0.24577083333333333
5 0.33379032258064517 0.8967083333333333 0.1504301075268817 0.06525
5 0.550725806451613 0.9676666666666667 0.1618817204301075 0.050416666666666665
5 0.4131451612903226 0.2968125 0.20161290322580644 0.049979166666666665
5 0.6825537634408602 0.3320416666666667 0.24118279569892473 0.05497916666666667
5 0.6787096774193548 0.41291666666666665 0.22327956989247313 0.036166666666666666
5 0.5321505376344087 0.5429375000000001 0.31163978494623656 0.07395833333333333