0 0.2863502109704641 0.8394875549048316 0.37126582278481013 0.18168374816983895
0 0.7912658227848102 0.7853440702781844 0.27609704641350213 0.3175109809663251
0 0.5857805907172996 0.7747877013177159 0.13658227848101265 0.3053147877013177
0 0.19510548523206753 0.6403953147877013 0.3439240506329114 0.5170424597364568
0 0.46312236286919833 0.7154026354319181 0.200168776371308 0.3949780380673499
0 0.88457805907173 0.7017423133235725 0.18552742616033754 0.43560761346998533
0 0.7100210970464135 0.3104831625183016 0.2710548523206751 0.21830161054172767
0 0.42147679324894516 0.3398828696925329 0.27938818565400847 0.18784773060029283
0 0.2087974683544304 0.3362957540263543 0.16069620253164557 0.0958857979502196
0 0.4623839662447257 0.44783308931185944 0.19478902953586497 0.13686676427525624
0 0.28689873417721523 0.7210541727672035 0.39149789029535864 0.05620790629575403
0 0.44533755274261605 0.17522693997071742 0.2786919831223629 0.14068814055636897
0 0.6557383966244725 0.5636749633967789 0.17664556962025318 0.11468521229868228
0 0.7957172995780591 0.5733235724743777 0.10343881856540085 0.10304538799414348
0 0.880253164556962 0.40162518301610545 0.13637130801687763 0.16272327964860908