0 0.49665625 0.7394903339191564 0.15978125 0.08708260105448154
0 0.8711874999999999 0.7705096660808436 0.17293750000000002 0.08889279437609841
0 0.64359375 0.3908787346221441 0.1355 0.06318101933216169
0 0.3125 0.3866432337434095 0.17709375 0.12302284710017575
0 0.67540625 0.563427065026362 0.14140625 0.07586994727592268
0 0.35931250000000003 0.6163620386643234 0.15425 0.08065026362038664
1 0.44990625 0.283884007029877 0.8998125 0.37789103690685416
0 0.640625 0.725377855887522 0.144875 0.09117750439367311
0 0.6527499999999999 0.6375922671353251 0.1358125 0.07629173989455183
0 0.45775 0.5417574692442882 0.1339375 0.08284710017574692
0 0.44571875 0.4675043936731107 0.1313125 0.07360281195079087
0 0.7669374999999999 0.4851845342706502 0.0926875 0.07681898066783831
0 0.83278125 0.6234622144112478 0.141 0.03170474516695958
0 0.46953125 0.31246045694200353 0.1265625 0.06486818980667838
0 0.5364375 0.4262390158172232 0.0936875 0.06876977152899824
0 0.275125 0.5487873462214411 0.11159375 0.040667838312829524
0 0.55596875 0.6129525483304041 0.11559375000000001 0.07924428822495606