5 0.6318617021276596 0.5033689839572192 0.18411347517730497 0.327397504456328
5 0.11283687943262412 0.022388591800356506 0.1271808510638298 0.03684491978609626
5 0.10398936170212766 0.07736185383244207 0.09764184397163121 0.04579322638146168
5 0.09216312056737588 0.13184491978609628 0.12127659574468086 0.04781639928698752
5 0.08822695035460992 0.19970588235294118 0.08976950354609929 0.0825222816399287
5 0.06852836879432624 0.2814260249554367 0.0976595744680851 0.049884135472370764
5 0.49693262411347516 0.09571301247771836 0.2334042553191489 0.19142602495543673
5 0.7145921985815602 0.10611408199643493 0.11319148936170213 0.18647950089126558
5 0.8898936170212766 0.12196969696969696 0.15645390070921986 0.21819073083778967
5 0.6515602836879433 0.26459001782531194 0.10531914893617021 0.07563279857397505
5 0.4860992907801419 0.2655882352941177 0.08175531914893618 0.1013903743315508
5 0.2694326241134752 0.060534759358288774 0.1448581560283688 0.10720142602495544
5 0.22413120567375885 0.2586631016042781 0.10154255319148937 0.146951871657754
5 0.21625886524822696 0.13828877005347592 0.10941489361702128 0.0785204991087344
5 0.35709219858156027 0.23389483065953653 0.09558510638297872 0.14495543672014258
5 0.6092198581560284 0.8723440285204991 0.05609929078014184 0.16814616755793227
5 0.8731560283687942 0.8827540106951872 0.06388297872340426 0.1830035650623886
5 0.9588297872340426 0.8545098039215686 0.057943262411347514 0.15624777183600713
5 0.961790780141844 0.7336452762923351 0.05203900709219859 0.06899286987522281
5 0.7185283687943262 0.7371122994652406 0.050141843971631204 0.09376114081996435
5 0.279290780141844 0.8099465240641711 0.04636524822695035 0.22159536541889482
5 0.35808510638297875 0.8733333333333333 0.06209219858156029 0.17012477718360072
5 0.038989361702127655 0.8282709447415331 0.03856382978723404 0.240427807486631
5 0.07937943262411348 0.893645276292335 0.05796099290780141 0.15725490196078432