4 0.8316041666666667 0.44372222222222224 0.32283333333333336 0.31819444444444445
4 0.7010208333333333 0.3347222222222222 0.28920833333333335 0.2796944444444444
4 0.5425416666666667 0.4573888888888889 0.2575 0.31136111111111114
4 0.7220208333333333 0.5911111111111111 0.3322291666666667 0.3186111111111111
0 0.19241666666666665 0.4428333333333333 0.08610416666666666 0.11133333333333333
0 0.11854166666666667 0.6048333333333333 0.09541666666666666 0.11905555555555555
0 0.34160416666666665 0.5627222222222222 0.09281249999999999 0.1246111111111111
0 0.26772916666666663 0.6182777777777778 0.0901875 0.12327777777777779
0 0.18054166666666666 0.6283333333333333 0.081625 0.1233611111111111
0 0.050270833333333334 0.5847222222222223 0.08597916666666668 0.11772222222222223
0 0.07912499999999999 0.49008333333333337 0.08708333333333333 0.11602777777777779
0 0.11516666666666667 0.3274444444444444 0.07906250000000001 0.08563888888888889
0 0.1874375 0.26416666666666666 0.08579166666666667 0.06169444444444445
0 0.2762291666666667 0.29536111111111113 0.08920833333333333 0.0896111111111111
0 0.3478541666666667 0.3451666666666667 0.08379166666666667 0.0968611111111111
0 0.26629166666666665 0.3659166666666666 0.07679166666666666 0.07711111111111112
0 0.36131250000000004 0.46655555555555556 0.08414583333333334 0.11174999999999999
0 0.2760625 0.49263888888888885 0.0803125 0.10408333333333333
0 0.22589583333333335 0.5373055555555556 0.08577083333333334 0.08655555555555555
0 0.14945833333333333 0.5229722222222223 0.07712500000000001 0.08783333333333333
0 0.06885416666666666 0.39602777777777776 0.07939583333333333 0.08180555555555555
0 0.14770833333333336 0.3973055555555556 0.09625 0.07802777777777778
0 0.19658333333333333 0.34175 0.078625 0.10369444444444444