0 0.08441860465116278 0.5662406015037594 0.052241014799154335 0.10849624060150376
0 0.1757293868921776 0.47590225563909777 0.029577167019027486 0.06330827067669173
0 0.1382875264270613 0.3678947368421053 0.09433403805496829 0.12575187969924814
0 0.24926004228329812 0.39571428571428574 0.0729598308668076 0.07609022556390976
0 0.2859830866807611 0.5214285714285714 0.025750528541226215 0.07913533834586467
0 0.3507822410147991 0.6580451127819549 0.05695560253699789 0.0418796992481203
0 0.40331923890063426 0.34966165413533834 0.05938689217758985 0.0987218045112782
0 0.2399154334038055 0.21729323308270676 0.03835095137420719 0.035263157894736843
0 0.3344397463002114 0.266203007518797 0.03378435517970402 0.050338345864661654
0 0.403107822410148 0.16120300751879701 0.037801268498942914 0.036015037593984965
0 0.48596194503171253 0.24015037593984964 0.04052854122621565 0.04225563909774436
0 0.5563424947145877 0.10240601503759397 0.03843551797040169 0.03315789473684211
0 0.6356871035940803 0.2480451127819549 0.044778012684989425 0.08364661654135339
0 0.7028752642706131 0.1812406015037594 0.03735729386892178 0.03657894736842105
0 0.867970401691332 0.23842105263157895 0.0405708245243129 0.0474812030075188
0 0.7894080338266385 0.28736842105263155 0.045327695560253706 0.039962406015037595
0 0.8375898520084567 0.5007518796992481 0.04120507399577167 0.04530075187969925
0 0.9021987315010571 0.41597744360902256 0.04659619450317125 0.07330827067669173
0 0.7319450317124735 0.3644360902255639 0.051057082452431284 0.07101503759398496
0 0.6157716701902748 0.40503759398496236 0.08534883720930232 0.07398496240601504
0 0.559154334038055 0.6304135338345864 0.05890063424947146 0.075
0 0.6436363636363637 0.6953383458646617 0.07021141649048626 0.05056390977443609
0 0.7404016913319238 0.7988345864661655 0.055264270613107826 0.061879699248120305
0 0.5132980972515856 0.4779699248120301 0.02959830866807611 0.06368421052631579
0 0.5065750528541226 0.6619172932330827 0.0658985200845666 0.3055639097744361
0 0.5585200845665962 0.7470676691729323 0.057632135306553915 0.15785714285714286
0 0.617399577167019 0.6227067669172932 0.09813953488372093 0.38703007518796995
0 0.643953488372093 0.7774812030075188 0.06873150105708245 0.11515037593984961
0 0.7400845665961945 0.681390977443609 0.05251585623678647 0.17327067669172933
0 0.838583509513742 0.6738721804511278 0.0781183932346723 0.30124060150375936
0 0.906723044397463 0.6333458646616541 0.07894291754756871 0.3612406015037594
0 0.8025581395348838 0.557406015037594 0.10446088794926003 0.5010526315789474
0 0.868583509513742 0.4001503759398496 0.09260042283298096 0.275
0 0.7094503171247357 0.3123308270676692 0.10448202959830867 0.22537593984962406
0 0.6385200845665961 0.4775187969924812 0.12448202959830867 0.37327067669172936
0 0.5589429175475688 0.3556766917293233 0.11773784355179703 0.47766917293233085
0 0.4897885835095137 0.47943609022556394 0.12120507399577167 0.44101503759398497
0 0.41276955602537 0.6051127819548873 0.0877801268498943 0.4139097744360902
0 0.44651162790697674 0.7221428571428572 0.06852008456659618 0.04586466165413534
0 0.44731501057082457 0.7860902255639097 0.07272727272727272 0.08962406015037594
0 0.335200845665962 0.4656390977443609 0.09350951374207188 0.3495112781954887
0 0.2864904862579281 0.6896992481203008 0.056384778012684995 0.2613157894736842
0 0.24610993657505284 0.6195864661654136 0.09202959830866808 0.37139097744360905
0 0.21674418604651163 0.6802631578947368 0.05340380549682876 0.13710526315789473
0 0.2163213530655391 0.7886466165413534 0.05255813953488372 0.07695488721804511
0 0.1651585623678647 0.6599624060150376 0.07361522198731502 0.3072556390977444
0 0.08380549682875264 0.7119924812030075 0.050993657505285415 0.1986842105263158
0 0.1349048625792812 0.6074436090225565 0.06642706131078224 0.38473684210526315