0 0.23808333333333334 0.6497222222222222 0.14858333333333332 0.20027777777777775
0 0.25345833333333334 0.4723333333333333 0.12808333333333333 0.16177777777777777
0 0.37124999999999997 0.5941111111111111 0.13314583333333332 0.18438888888888888
0 0.4911041666666666 0.5486111111111112 0.137 0.16861111111111113
0 0.38966666666666666 0.41891666666666666 0.12485416666666667 0.14891666666666667
0 0.09545833333333334 0.47255555555555556 0.13899999999999998 0.17502777777777778
0 0.08039583333333335 0.36719444444444443 0.11529166666666667 0.12241666666666667
0 0.19560416666666666 0.31505555555555553 0.11814583333333334 0.13777777777777778
0 0.26435416666666667 0.25991666666666663 0.11141666666666666 0.12152777777777778
0 0.37254166666666666 0.2838333333333333 0.1203125 0.13833333333333334
0 0.48133333333333334 0.35605555555555557 0.12770833333333334 0.09472222222222222
0 0.137125 0.6095277777777778 0.13258333333333333 0.18830555555555556
0 0.4925625 0.43727777777777777 0.098875 0.0963888888888889