0 0.7587765957446808 0.6429521276595744 0.1176418439716312 0.4340159574468085
0 0.7827659574468085 0.1923936170212766 0.08927304964539007 0.2448404255319149
0 0.8592907801418439 0.3284308510638298 0.10957446808510637 0.17457446808510638
0 0.7244148936170213 0.27539893617021277 0.11037234042553191 0.3501595744680851
0 0.6092907801418439 0.3564627659574468 0.17877659574468086 0.15566489361702127
0 0.606968085106383 0.48497340425531915 0.26414893617021273 0.1016755319148936
0 0.3970921985815603 0.629654255319149 0.21262411347517732 0.26420212765957446
0 0.2833687943262411 0.6318882978723405 0.11063829787234042 0.30553191489361703
0 0.1794326241134752 0.671595744680851 0.11556737588652484 0.2294148936170213
0 0.04920212765957447 0.6095744680851064 0.07058510638297873 0.23226063829787233
0 0.18721631205673758 0.09444148936170212 0.1501950354609929 0.18890957446808512
0 0.3310992907801419 0.0973936170212766 0.12666666666666665 0.19476063829787235
0 0.4328368794326241 0.06771276595744681 0.08140070921985815 0.13542553191489362
0 0.6648049645390071 0.0551595744680851 0.2052127659574468 0.1103191489361702
0 0.6627659574468086 0.16316489361702127 0.19436170212765957 0.1941223404255319
0 0.3754078014184397 0.30148936170212765 0.22927304964539008 0.3484840425531915
0 0.15980496453900708 0.22167553191489361 0.1801063829787234 0.15486702127659574
0 0.04226950354609929 0.11170212765957446 0.08455673758865248 0.22340425531914893
0 0.08400709219858156 0.3998936170212766 0.16803191489361702 0.2853191489361702
0 0.2760106382978723 0.19936170212765955 0.13867021276595742 0.289468085106383