0 0.7225177304964538 0.1768439716312057 0.5549822695035461 0.3536879432624114
0 0.511968085106383 0.8407919621749408 0.8456205673758865 0.3184160756501182
2 0.6206914893617022 0.5750945626477542 0.7586347517730496 0.26539007092198585
2 0.1427127659574468 0.7622695035460992 0.28544326241134754 0.4754609929078014
2 0.26656028368794327 0.30023640661938533 0.5331205673758865 0.20942080378250588
2 0.10792553191489361 0.1586643026004728 0.1752836879432624 0.15254137115839245
2 0.8254432624113476 0.20663120567375887 0.34909574468085103 0.25573286052009453
2 0.800709219858156 0.30832151300236404 0.39858156028368796 0.30920803782505907
0 0.30906028368794325 0.14789598108747046 0.09189716312056738 0.06191489361702128
0 0.6433687943262412 0.3569267139479905 0.09003546099290781 0.05375886524822695
1 0.32273049645390073 0.47312056737588654 0.6454609929078015 0.18497635933806147
2 0.7462765957446809 0.8589125295508274 0.397322695035461 0.24592198581560284