4 0.1969677419354839 0.5156451612903226 0.2718548387096774 0.290994623655914
4 0.17625806451612902 0.3212634408602151 0.2309516129032258 0.14241935483870966
4 0.4979354838709678 0.33543010752688174 0.09130645161290322 0.08935483870967742
4 0.26390322580645165 0.12327956989247311 0.2226774193548387 0.19548387096774195
4 0.2927903225806452 0.39731182795698927 0.23816129032258063 0.1095967741935484
4 0.4867580645161291 0.8218010752688172 0.11291935483870968 0.11096774193548388
4 0.32511290322580644 0.7327150537634408 0.13630645161290322 0.06723118279569892
4 0.7673709677419355 0.30376344086021506 0.17551612903225805 0.22244623655913978
4 0.4862580645161291 0.07311827956989247 0.1930483870967742 0.14620967741935484
4 0.20596774193548387 0.6534139784946237 0.2516451612903226 0.17526881720430107
4 0.14687096774193548 0.8395161290322581 0.19743548387096774 0.22752688172043012
4 0.13012903225806452 0.1295698924731183 0.22959677419354838 0.1659677419354839
4 0.922016129032258 0.2414247311827957 0.10932258064516129 0.1511290322580645