0 0.5105496453900709 0.37826035502958577 0.22173758865248228 0.10390532544378697
0 0.6116843971631206 0.5734201183431953 0.20008865248226948 0.14337278106508877
0 0.48083333333333333 0.4651715976331361 0.22306737588652484 0.1320828402366864
0 0.6776418439716312 0.48266272189349113 0.1478900709219858 0.08344378698224852
0 0.6773581560283688 0.4168284023668639 0.19615248226950355 0.06467455621301775
0 0.4230496453900709 0.35762130177514795 0.2004787234042553 0.13611834319526628
0 0.17304964539007092 0.39385798816568046 0.16161347517730498 0.1363905325443787
0 0.23242907801418441 0.5775384615384616 0.2375 0.1338816568047337
0 0.36120567375886525 0.6094437869822485 0.1794326241134752 0.12279289940828403
0 0.46491134751773044 0.6318579881656804 0.1428191489361702 0.08809467455621302
0 0.2170744680851064 0.5074201183431952 0.19652482269503546 0.09876923076923076
0 0.4128014184397163 0.5002603550295859 0.24641843971631203 0.1363905325443787
0 0.2406028368794326 0.4077159763313609 0.13542553191489362 0.12357396449704142