2 0.8084863523573201 0.6977980132450332 0.1907196029776675 0.046688741721854304
2 0.04764267990074442 0.7207450331125828 0.09526054590570719 0.08071192052980132
2 0.9007940446650123 0.6120364238410596 0.19841191066997518 0.06806291390728476
2 0.8800248138957816 0.578841059602649 0.07424317617866005 0.03394039735099338
2 0.730818858560794 0.6310927152317881 0.05493796526054591 0.05518211920529801
2 0.5155086848635235 0.4856456953642384 0.13416873449131514 0.032715231788079474
2 0.3225806451612903 0.44365894039735104 0.09910669975186104 0.03571192052980132
2 0.2029032258064516 0.7120364238410596 0.10454094292803971 0.09640728476821192
0 0.09898263027295286 0.7480132450331126 0.03550868486352358 0.0227317880794702
2 0.6180893300248139 0.6530298013245033 0.13821339950372208 0.055364238410596026
0 0.698560794044665 0.6742549668874173 0.025186104218362284 0.01870860927152318
0 0.795210918114144 0.6364403973509934 0.018461538461538463 0.015943708609271523
0 0.8350620347394541 0.5641390728476822 0.018610421836228287 0.014917218543046357
0 0.9403722084367246 0.5392218543046358 0.021240694789081888 0.014801324503311257
0 0.4401240694789082 0.4816721854304636 0.01771712158808933 0.013327814569536425
3 0.5115384615384615 0.5738741721854305 0.09347394540942928 0.04374172185430464
2 0.9678411910669976 0.5328807947019868 0.06431761786600497 0.03771523178807947
2 0.7048138957816378 0.7484437086092716 0.09488833746898263 0.10160596026490065
2 0.8442679900744418 0.7731953642384106 0.1079652605459057 0.11105960264900662
3 0.2728287841191067 0.7704470198675497 0.16332506203473943 0.05612582781456953
0 0.08104218362282878 0.8884437086092716 0.16208436724565756 0.08925496688741721
2 0.589727047146402 0.518046357615894 0.14235732009925559 0.04283112582781457