7 0.5306656101426308 0.22898584905660377 0.23478605388272583 0.35926886792452833
7 0.3515847860538827 0.39785377358490565 0.1696988906497623 0.2507075471698113
7 0.16811410459587955 0.18889150943396227 0.23187004754358162 0.3408018867924528
7 0.17408874801901741 0.5516509433962264 0.2516164817749604 0.35509433962264153
7 0.4439778129952456 0.6918396226415093 0.2540570522979398 0.37061320754716975
7 0.6717115689381934 0.5697641509433963 0.2560063391442155 0.3913679245283019
7 0.7625198098256735 0.8829716981132075 0.25234548335974644 0.23403301886792455
7 0.5178605388272582 0.9374056603773584 0.24673534072900158 0.125188679245283
7 0.25039619651347067 0.865754716981132 0.2403961965134707 0.2685141509433962
7 0.06399366085578448 0.8249292452830188 0.12800316957210775 0.3501415094339623
7 0.9291125198098257 0.807688679245283 0.14177496038034865 0.384622641509434
7 0.8691917591125199 0.502311320754717 0.15847860538827258 0.25646226415094336
7 0.7521711568938193 0.2899292452830189 0.17310618066561015 0.26346698113207545
7 0.36278922345483355 0.08181603773584906 0.23309033280507133 0.1636320754716981
7 0.8341996830427892 0.09542452830188679 0.23236133122028527 0.19084905660377358
7 0.9345958795562599 0.25945754716981134 0.1308082408874802 0.2750943396226415