7 0.8110483870967742 0.4154805194805195 0.3778763440860215 0.33862337662337666
7 0.46314516129032257 0.6059480519480519 0.37118279569892476 0.28028571428571425
7 0.805510752688172 0.6918961038961039 0.3744623655913979 0.3171428571428571
7 0.7388172043010752 0.15527272727272728 0.5038172043010752 0.31054545454545457
7 0.5462903225806451 0.3564415584415584 0.17395161290322578 0.25316883116883115
7 0.4416666666666667 0.12877922077922077 0.24080645161290323 0.25267532467532466
7 0.19973118279569893 0.3442337662337662 0.2046774193548387 0.2556103896103896
7 0.37774193548387097 0.3476623376623377 0.2021505376344086 0.25903896103896107
7 0.2721236559139785 0.7783116883116883 0.22045698924731183 0.2534285714285714
7 0.13303763440860217 0.5624935064935065 0.21516129032258066 0.24584415584415586
7 0.590752688172043 0.8540000000000001 0.18104838709677418 0.2653766233766234
7 0.32241935483870965 0.5805714285714286 0.1325268817204301 0.25122077922077923
7 0.44319892473118283 0.8247012987012987 0.16158602150537635 0.2031168831168831