7 0.5132175502742231 0.49498591549295773 0.14162705667276052 0.27185915492957746
7 0.6572212065813529 0.47549295774647893 0.1492870201096892 0.26822535211267606
7 0.7944424131627057 0.49205633802816906 0.15979890310786105 0.2563661971830986
7 0.38892138939670934 0.2475211267605634 0.1379341864716636 0.22138028169014085
7 0.3715904936014625 0.4909295774647887 0.15074954296160875 0.24864788732394366
7 0.5097623400365631 0.24414084507042255 0.12548446069469835 0.22476056338028172
7 0.7573308957952468 0.24940845070422538 0.1379341864716636 0.22701408450704227
7 0.23071297989031078 0.4954366197183098 0.1483180987202925 0.25109859154929576
7 0.3916087751371115 0.7914929577464789 0.16186471663619745 0.30752112676056337
7 0.2379159049360146 0.7854647887323943 0.16882998171846433 0.30526760563380284
7 0.7040950639853747 0.7914929577464789 0.16186471663619745 0.31335211267605634
7 0.63672760511883 0.23549295774647885 0.12853747714808045 0.21988732394366198
7 0.26978062157221205 0.24357746478873238 0.13939670932358317 0.23267605633802815
7 0.10193784277879342 0.4950704225352113 0.17577696526508227 0.27084507042253525
7 0.5439488117001828 0.7990140845070421 0.15917733089579522 0.31391549295774646
7 0.14051188299817186 0.24563380281690142 0.14954296160877514 0.23304225352112679
7 0.8554661791590493 0.7869859154929577 0.17248628884826325 0.3071549295774648
7 0.6313528336380256 0.06757746478873239 0.11755027422303473 0.12856338028169015
7 0.40648994515539305 0.07335211267605633 0.12548446069469835 0.14078873239436618
7 0.08910420475319927 0.7862253521126761 0.176636197440585 0.3032112676056338
7 0.5195246800731261 0.06605633802816901 0.10797074954296161 0.12856338028169015
7 0.7392504570383912 0.07292957746478873 0.1323217550274223 0.13909859154929577
7 0.2912614259597806 0.06619718309859154 0.12378427787934185 0.13045070422535213
7 0.18115173674588667 0.06949295774647887 0.12292504570383911 0.13016901408450704
7 0.823235831809872 0.8441408450704225 0.07720292504570384 0.16073239436619718