7 0.23406466512702076 0.1256923076923077 0.11221709006928407 0.15292307692307694
7 0.3466974595842956 0.14126153846153844 0.10651270207852194 0.14784615384615385
7 0.456189376443418 0.16135384615384615 0.10270207852193995 0.1482153846153846
7 0.5639260969976906 0.19806153846153848 0.1089607390300231 0.1528923076923077
7 0.6268129330254042 0.29415384615384615 0.07445727482678985 0.10252307692307693
7 0.7193302540415705 0.3316 0.1045958429561201 0.1376
7 0.8304618937644341 0.27643076923076926 0.11491916859122402 0.14670769230769232
7 0.9274595842956119 0.30286153846153846 0.07526558891454967 0.1054153846153846
7 0.9008314087759816 0.42153846153846153 0.07579676674364896 0.09667692307692308
7 0.8061431870669746 0.4255076923076923 0.11030023094688221 0.14083076923076923
7 0.8792378752886836 0.5518153846153846 0.11085450346420324 0.14003076923076924
7 0.885080831408776 0.6773846153846154 0.08558891454965359 0.10883076923076922
7 0.7844110854503463 0.6752307692307692 0.11030023094688221 0.1479076923076923
7 0.7815473441108546 0.548923076923077 0.06983833718244803 0.0908
7 0.7105080831408775 0.4680615384615385 0.07334872979214781 0.09916923076923076
7 0.6425866050808314 0.40381538461538463 0.06792147806004618 0.09741538461538461
7 0.4961200923787529 0.2907384615384615 0.06193995381062356 0.09203076923076924
7 0.41475750577367204 0.2829538461538461 0.08612009237875289 0.10181538461538463
7 0.31531177829099305 0.28907692307692306 0.11113163972286373 0.1503076923076923
7 0.20704387990762127 0.27172307692307696 0.10759815242494226 0.14452307692307692
7 0.11452655889145498 0.35440000000000005 0.10515011547344111 0.14701538461538463
7 0.3340646651270208 0.4351076923076923 0.11166281755196306 0.1419076923076923
7 0.43799076212471133 0.40923076923076923 0.11302540415704387 0.14443076923076922
7 0.5482909930715936 0.39384615384615385 0.10976905311778291 0.14627692307692308
7 0.5006004618937644 0.5310153846153847 0.11004618937644342 0.15270769230769232
7 0.4082217090069284 0.5217846153846154 0.055704387990762126 0.07273846153846154
7 0.33976905311778294 0.5657538461538462 0.08394919168591225 0.10636923076923077
7 0.24452655889145494 0.5199692307692309 0.10868360277136259 0.14873846153846154
7 0.22006928406466514 0.39910769230769233 0.08150115473441108 0.10972307692307691
7 0.16138568129330252 0.47147692307692307 0.0684757505773672 0.0952
7 0.30796766743648957 0.6938461538461539 0.12036951501154734 0.14535384615384617
7 0.4093302540415705 0.6256615384615385 0.07526558891454967 0.09944615384615385
7 0.6230023094688222 0.5299384615384615 0.10704387990762125 0.1432923076923077
7 0.7080600461893763 0.5786153846153846 0.0728175519630485 0.10670769230769231
7 0.6459815242494226 0.6800923076923077 0.10732101616628176 0.14683076923076924
7 0.5590300230946882 0.6218461538461538 0.07471131639722864 0.09547692307692308
7 0.4854041570438799 0.6515384615384615 0.07526558891454967 0.0968923076923077
7 0.43064665127020785 0.7280615384615384 0.07879907621247112 0.1088
7 0.5466743648960739 0.7497846153846154 0.11302540415704387 0.1522153846153846
7 0.636743648960739 0.8348 0.11491916859122402 0.15578461538461538
7 0.7151270207852194 0.7577230769230769 0.08041570438799077 0.11021538461538462
7 0.788891454965358 0.8051384615384616 0.0823325635103926 0.11092307692307692
7 0.7168822170900694 0.8722769230769231 0.068729792147806 0.104