7 0.8085931558935361 0.2959288537549407 0.16368821292775665 0.344901185770751
7 0.6127946768060836 0.8105928853754941 0.25684410646387834 0.3715415019762846
7 0.670893536121673 0.23221343873517786 0.14538022813688212 0.4644268774703557
7 0.7675855513307985 0.6070750988142293 0.17163498098859314 0.4090909090909091
7 0.9449049429657794 0.5760869565217391 0.11019011406844106 0.3756126482213439
7 0.5444296577946768 0.5928458498023715 0.12317490494296579 0.4573122529644269
7 0.9307794676806083 0.19276679841897235 0.13842205323193918 0.3852569169960474
7 0.4001520912547528 0.1166798418972332 0.21802281368821294 0.2249802371541502
7 0.09667300380228137 0.1893280632411067 0.16393536121673005 0.36442687747035574
7 0.7998098859315589 0.07035573122529644 0.13709125475285172 0.13347826086956524
7 0.09359315589353612 0.6872727272727273 0.18718631178707223 0.6146640316205533
7 0.9196768060836502 0.8664426877470356 0.16064638783269963 0.25304347826086954
7 0.2229087452471483 0.09185770750988141 0.11395437262357413 0.16849802371541503
7 0.3283269961977186 0.515494071146245 0.3623574144486692 0.6942687747035573
7 0.22815589353612167 0.3517391304347826 0.17102661596958174 0.38727272727272727