7 0.8205541561712846 0.6282317073170732 0.061637279596977325 0.19692073170731708
7 0.6060201511335013 0.351890243902439 0.1422418136020151 0.1578658536585366
7 0.73639798488665 0.33701219512195124 0.1185390428211587 0.1675609756097561
7 0.6746095717884131 0.4842073170731707 0.1561712846347607 0.0710060975609756
7 0.5706045340050377 0.6799695121951219 0.1567758186397985 0.14692073170731706
7 0.7688664987405541 0.8373780487804878 0.06785894206549119 0.21064024390243904
7 0.3961964735516373 0.7601829268292684 0.11143576826196475 0.16259146341463415
7 0.36863979848866496 0.5842987804878049 0.07763224181360201 0.1807621951219512
7 0.08949622166246851 0.7522256097560975 0.13808564231738035 0.18021341463414633
7 0.18047858942065492 0.6608231707317073 0.15173803526448362 0.1101829268292683
7 0.3002015113350126 0.8910060975609756 0.14697732997481108 0.09192073170731707
7 0.27826196473551634 0.9494207317073171 0.17425692695214107 0.10115853658536585
7 0.5282367758186398 0.9490548780487805 0.17929471032745595 0.09582317073170732
7 0.3053904282115869 0.4361890243902439 0.0536272040302267 0.18283536585365853
7 0.21440806045340052 0.46542682926829265 0.13423173803526448 0.12082317073170733
7 0.06 0.2950609756097561 0.12002518891687657 0.09085365853658536
7 0.49163727959697734 0.26350609756097565 0.13869017632241815 0.11381097560975609
7 0.5107304785894207 0.39579268292682923 0.043551637279596975 0.21341463414634146