7 0.4553301886792453 0.6455813953488372 0.12000000000000001 0.14775193798449612
7 0.05834905660377358 0.9552713178294574 0.07464622641509433 0.08945736434108527
7 0.2238679245283019 0.5151550387596899 0.1313443396226415 0.06825581395348837
7 0.6806603773584906 0.2124418604651163 0.08832547169811321 0.22488372093023257
7 0.05952830188679245 0.5051550387596899 0.10820754716981133 0.1821705426356589
7 0.7749056603773585 0.7803875968992248 0.09056603773584905 0.19860465116279072
7 0.8462028301886793 0.7783720930232558 0.0580188679245283 0.21705426356589147
7 0.2844339622641509 0.6608139534883721 0.11242924528301887 0.14775193798449612
7 0.3544811320754717 0.9131782945736434 0.13183962264150942 0.06523255813953488
7 0.7294811320754717 0.6126744186046511 0.06879716981132075 0.0984108527131783
7 0.26952830188679244 0.877093023255814 0.053183962264150945 0.09728682170542637
7 0.8232311320754717 0.5673255813953488 0.13660377358490566 0.2058139534883721
7 0.9155188679245283 0.6608139534883721 0.10431603773584905 0.18155038759689923
7 0.8627830188679245 0.3775581395348837 0.18799528301886792 0.1965891472868217
7 0.6342688679245283 0.6339147286821706 0.09752358490566038 0.11306201550387597
7 0.9616745283018868 0.8205038759689922 0.07665094339622641 0.1889922480620155
7 0.6767688679245283 0.8610077519379844 0.07275943396226416 0.11143410852713179
7 0.08433962264150943 0.7125581395348838 0.038018867924528306 0.1895736434108527
7 0.19811320754716982 0.7771705426356589 0.07860849056603773 0.11263565891472868
7 0.4328537735849057 0.1821705426356589 0.07318396226415094 0.21445736434108525
7 0.5327122641509434 0.22387596899224804 0.16747641509433964 0.27744186046511626
7 0.44580188679245286 0.3705426356589147 0.10912735849056604 0.14081395348837208
7 0.9345754716981132 0.9420542635658915 0.06610849056603774 0.11534883720930234
7 0.3747641509433962 0.08337209302325582 0.12745283018867926 0.13984496124031007
7 0.8041981132075472 0.1658139534883721 0.047688679245283014 0.10453488372093023
7 0.04108490566037736 0.7242248062015504 0.04700471698113207 0.12790697674418605
7 0.9459198113207548 0.22267441860465118 0.10816037735849056 0.21926356589147286
7 0.5112264150943396 0.6893023255813954 0.10724056603773585 0.17352713178294574
7 0.7470754716981132 0.21945736434108526 0.07287735849056604 0.1863565891472868
7 0.549811320754717 0.5280232558139535 0.13233490566037737 0.16290697674418606
7 0.8872169811320755 0.9501162790697675 0.04297169811320754 0.0874031007751938
7 0.11615566037735849 0.10941860465116279 0.09398584905660377 0.14996124031007751
7 0.4655660377358491 0.7831782945736434 0.10448113207547169 0.16810077519379843
7 0.8916037735849057 0.8321317829457364 0.049858490566037736 0.15236434108527133
7 0.3812971698113207 0.3756976744186047 0.21226415094339623 0.4342635658914729
7 0.9277358490566038 0.534031007751938 0.14318396226415095 0.18534883720930231
7 0.23742924528301887 0.9534108527131783 0.05738207547169811 0.0932170542635659
7 0.1783490566037736 0.927093023255814 0.07476415094339622 0.1458527131782946
7 0.3090801886792453 0.17934108527131784 0.09056603773584905 0.11705426356589146
7 0.5141509433962265 0.8955426356589148 0.13391509433962265 0.15015503875968994
7 0.7275471698113208 0.044728682170542634 0.14806603773584906 0.08534883720930232
7 0.7705188679245283 0.49430232558139536 0.10155660377358491 0.13689922480620156
7 0.19811320754716982 0.22007751937984496 0.11365566037735848 0.07395348837209302
7 0.36474056603773586 0.8650387596899225 0.10393867924528302 0.06589147286821706
7 0.20214622641509433 0.2702325581395349 0.10724056603773585 0.08073643410852713
7 0.2595283018867925 0.058720930232558144 0.06311320754716981 0.11674418604651163
7 0.31933962264150945 0.12759689922480622 0.08568396226415094 0.04891472868217054
7 0.5083018867924528 0.05426356589147287 0.08790094339622642 0.10430232558139535
7 0.6391509433962265 0.4637984496124031 0.13292452830188678 0.10682170542635658
7 0.06780660377358491 0.8562015503875969 0.08063679245283019 0.10096899224806202
7 0.7290094339622643 0.10941860465116279 0.11780660377358491 0.08410852713178295
7 0.06584905660377359 0.22527131782945736 0.044764150943396225 0.15317829457364343
7 0.0392688679245283 0.057868217054263565 0.06938679245283019 0.11569767441860465
7 0.153938679245283 0.6427519379844961 0.11738207547169813 0.17813953488372095
7 0.7290094339622643 0.7679457364341085 0.05780660377358491 0.15616279069767441
7 0.19483490566037737 0.04844961240310078 0.06964622641509434 0.09693798449612404
7 0.024693396226415094 0.37275193798449613 0.049316037735849055 0.15205426356589147
7 0.6074292452830189 0.08271317829457364 0.035495283018867924 0.15286821705426357
7 0.9269811320754717 0.07302325581395348 0.14606132075471698 0.12860465116279068
7 0.03912735849056604 0.2752325581395349 0.037476415094339625 0.14131782945736435
7 0.1030188679245283 0.32236434108527134 0.08464622641509434 0.09624031007751938
7 0.2302358490566038 0.15046511627906978 0.057594339622641516 0.09945736434108528
7 0.8495990566037737 0.2656201550387597 0.13452830188679246 0.0727906976744186
7 0.018018867924528302 0.761937984496124 0.03606132075471698 0.13251937984496123
7 0.12445754716981133 0.889922480620155 0.06334905660377359 0.11573643410852713
7 0.7622169811320755 0.7109689922480621 0.05049528301886792 0.0641860465116279
7 0.625 0.03631782945736434 0.0639622641509434 0.07023255813953488
7 0.016886792452830188 0.2784496124031008 0.033773584905660375 0.13348837209302325
7 0.13903301886792455 0.399031007751938 0.04346698113207547 0.1799612403100775
7 0.13806603773584905 0.24275193798449612 0.08106132075471698 0.1036046511627907
7 0.42797169811320757 0.9431782945736434 0.047688679245283014 0.11364341085271318
7 0.6030188679245283 0.8313178294573643 0.061768867924528306 0.06480620155038759
7 0.713867924528302 0.6748449612403101 0.056650943396226415 0.07852713178294574
7 0.25268867924528304 0.5881782945736435 0.049858490566037736 0.08255813953488372
7 0.11596698113207547 0.0375968992248062 0.03313679245283019 0.06802325581395349
7 0.7612264150943396 0.3312015503875969 0.06408018867924528 0.22449612403100777
7 0.6591745283018868 0.0812015503875969 0.04959905660377359 0.06941860465116279
7 0.023915094339622644 0.17713178294573645 0.04681603773584906 0.06368217054263565
7 0.2907783018867925 0.9639147286821705 0.07891509433962264 0.07217054263565892
7 0.8764622641509434 0.22627906976744186 0.045966981132075466 0.05635658914728682
7 0.7792924528301887 0.6427519379844961 0.06780660377358491 0.10302325581395348
7 0.21497641509433962 0.593798449612403 0.04327830188679246 0.07034883720930232
7 0.02349056603773585 0.889922480620155 0.04700471698113207 0.08682170542635659
7 0.4726650943396226 0.9629457364341085 0.044764150943396225 0.07085271317829457