7 0.1841421143847487 0.320945558739255 0.3379549393414211 0.23283667621776505
7 0.3969844020797227 0.4510028653295129 0.3043847487001733 0.3021776504297994
7 0.7125129982668977 0.3067048710601719 0.28119584055459274 0.4403151862464183
7 0.8217157712305025 0.5382808022922636 0.3349220103986135 0.15896848137535816
7 0.5318544194107452 0.7041260744985673 0.19280762564991336 0.24719197707736387
7 0.3903812824956672 0.5961031518624642 0.12478336221837089 0.20653295128939828
7 0.432842287694974 0.29355300859598854 0.11785095320623917 0.19598853868194843
7 0.5553552859618718 0.23676217765042978 0.13800693240901213 0.3295702005730659
7 0.6930155979202773 0.7697421203438395 0.20753899480069324 0.4033810888252149
7 0.8166204506065858 0.8055300859598854 0.2185961871750433 0.38896848137535817
7 0.8570190641247833 0.6856733524355301 0.26603119584055457 0.18736389684813753
7 0.5017331022530329 0.8449283667621776 0.2972270363951473 0.31017191977077363
7 0.35518197573656846 0.9048997134670487 0.09292894280762565 0.19017191977077366
7 0.18956672443674177 0.7661318051575932 0.17547660311958405 0.4677650429799427
7 0.05091854419410745 0.4713467048710602 0.10181975736568458 0.11816618911174785
7 0.049289428076256504 0.5782234957020058 0.09857885615251301 0.14209169054441262
7 0.03792027729636049 0.1759025787965616 0.07582322357019064 0.3224355300859599
7 0.2019064124783362 0.2553868194842407 0.07712305025996534 0.5107449856733525
7 0.3240901213171577 0.1434383954154728 0.12738301559792028 0.2869054441260745
7 0.4194107452339688 0.12286532951289399 0.0632582322357019 0.24570200573065903
7 0.5674870017331023 0.11659025787965616 0.23636048526863085 0.2331805157593123
7 0.8743500866551126 0.23747851002865328 0.14991334488734837 0.47492836676217765