7 0.7843137254901961 0.21733333333333332 0.14610149942329873 0.17871604938271604
7 0.6405190311418686 0.6593580246913581 0.2491349480968858 0.4660246913580247
7 0.41945790080738177 0.6145185185185185 0.223760092272203 0.4668888888888889
7 0.8412110726643599 0.813037037037037 0.3175663206459054 0.2014074074074074
7 0.6943483275663207 0.7056790123456791 0.03537485582468282 0.07723456790123458
7 0.7462514417531718 0.6888148148148149 0.0853517877739331 0.134
7 0.7912341407151096 0.6005432098765432 0.10149942329873125 0.2414320987654321
7 0.820161476355248 0.43846913580246916 0.11476355247981546 0.11481481481481481
7 0.6041868512110727 0.2259753086419753 0.25874279123414073 0.12192592592592594
7 0.39369088811995384 0.2767901234567901 0.21837370242214535 0.19471604938271606
7 0.4146482122260669 0.33027160493827157 0.058823529411764705 0.1370864197530864
7 0.4049365628604383 0.781358024691358 0.1082237600922722 0.22856790123456788
7 0.6502306805074971 0.8317777777777778 0.07016147635524798 0.14422222222222222
7 0.16003460207612458 0.7982222222222222 0.08938869665513265 0.3528148148148148
7 0.2483621683967705 0.7001975308641974 0.10457900807381776 0.3329382716049383
7 0.13215686274509802 0.5034814814814814 0.11245674740484429 0.1460493827160494
7 0.3728373702422145 0.08560493827160494 0.07093425605536333 0.1711851851851852
7 0.0591118800461361 0.8492345679012345 0.07208765859284891 0.2738024691358025
7 0.07304498269896194 0.34965432098765437 0.14610149942329873 0.2274074074074074
7 0.09928489042675893 0.14479012345679013 0.11975778546712802 0.19274074074074074
7 0.2127104959630911 0.28254320987654324 0.06978085351787774 0.2062469135802469
7 0.27517877739331026 0.43437037037037035 0.09092272202998847 0.057234567901234566
7 0.5869896193771627 0.36777777777777776 0.10054209919261822 0.22414814814814815
7 0.8740830449826991 0.34590123456790123 0.1549365628604383 0.20125925925925928
7 0.9065743944636678 0.11748148148148148 0.08304498269896193 0.23498765432098767
7 0.6758938869665513 0.08634567901234567 0.08612456747404844 0.16143209876543207