0 0.46657499999999996 0.24495222929936308 0.0271 0.02355095541401274
0 0.7704000000000001 0.25261146496815284 0.0287 0.02090764331210191
0 0.721225 0.30391719745222934 0.036975 0.02461783439490446
0 0.5492 0.3530254777070064 0.041624999999999995 0.024522292993630575
0 0.49737499999999996 0.4495382165605096 0.039 0.024538216560509554
0 0.377475 0.33117834394904455 0.039325 0.02617834394904459
0 0.31805 0.4427229299363057 0.03635 0.02146496815286624
0 0.210925 0.588328025477707 0.03735 0.02157643312101911
0 0.377325 0.5559872611464969 0.035675 0.02125796178343949
0 0.465075 0.6377866242038216 0.03565 0.024522292993630575
0 0.570125 0.664156050955414 0.032174999999999995 0.022420382165605095
0 0.269025 0.9618312101910828 0.034375 0.020843949044585988
0 0.27052499999999996 0.8952866242038217 0.034025 0.02272292993630573
0 0.372525 0.9173248407643313 0.026075 0.018296178343949046
0 0.51275 0.9203343949044587 0.02505 0.019044585987261147
0 0.55175 0.8317834394904459 0.031875 0.020175159235668788
0 0.55415 0.9121019108280254 0.028374999999999997 0.017340764331210193
0 0.8137000000000001 0.8620063694267517 0.027525 0.016273885350318474
0 0.6698999999999999 0.8040445859872611 0.033 0.021671974522292994
0 0.5420750000000001 0.7376592356687898 0.035675 0.02071656050955414
0 0.596725 0.6115127388535031 0.025750000000000002 0.023646496815286622
0 0.6819 0.5969585987261147 0.028875 0.019856687898089174
0 0.7948999999999999 0.6435828025477707 0.028025 0.020286624203821657
0 0.6886 0.7265923566878981 0.027374999999999997 0.019681528662420383
0 0.514675 0.5434872611464968 0.0322 0.020493630573248406
0 0.581075 0.46796178343949046 0.03585 0.026608280254777072
0 0.36524999999999996 0.5061146496815286 0.039674999999999995 0.02484076433121019
0 0.33015 0.46350318471337576 0.032400000000000005 0.01872611464968153
0 0.174425 0.465828025477707 0.033925000000000004 0.02127388535031847
0 0.31715 0.27546178343949046 0.036225 0.02654458598726115
0 0.233625 0.26597133757961783 0.0364 0.02022292993630573
0 0.78265 0.2726751592356688 0.037875 0.024394904458598727
0 0.8020999999999999 0.240812101910828 0.029175 0.02157643312101911
0 0.8129500000000001 0.26011146496815285 0.033575 0.022085987261146495
0 0.8376250000000001 0.4056687898089172 0.032325 0.02328025477707006
0 0.8005249999999999 0.4944108280254777 0.024375 0.019363057324840765
0 0.26475000000000004 0.20664012738853504 0.030750000000000003 0.02178343949044586
2 0.279875 0.3788216560509554 0.1107 0.11092356687898089
2 0.445525 0.3930095541401274 0.17375 0.06124203821656051
2 0.580975 0.2627388535031847 0.211175 0.06753184713375796
2 0.6146 0.18211783439490448 0.1476 0.11828025477707006
2 0.3654 0.2314331210191083 0.18072500000000002 0.07452229299363057
2 0.279225 0.31052547770700634 0.16235 0.06820063694267516
2 0.4275 0.5007484076433122 0.147625 0.10164012738853503
2 0.624525 0.5188853503184714 0.0764 0.051433121019108276
2 0.63495 0.38222929936305733 0.1519 0.07135350318471338
2 0.6679999999999999 0.3360987261146497 0.160025 0.09085987261146497
2 0.456725 0.334156050955414 0.09845000000000001 0.07009554140127389
2 0.55235 0.3105732484076433 0.10605 0.06670382165605096
2 0.486775 0.20894904458598726 0.170125 0.06964968152866242
2 0.6867 0.23093949044585987 0.150275 0.058789808917197456
2 0.667825 0.4815445859872612 0.1514 0.08538216560509554
2 0.5156000000000001 0.5892675159235669 0.156375 0.0577547770700637
2 0.361425 0.7196337579617834 0.096625 0.09226114649681529
2 0.521775 0.6684554140127389 0.1501 0.06751592356687898
0 0.605175 0.7001273885350319 0.031575 0.019968152866242036
0 0.7492749999999999 0.5275 0.0326 0.023678343949044584
2 0.32587499999999997 0.5978662420382165 0.11042500000000001 0.09221337579617833
2 0.227275 0.5371656050955413 0.13185 0.0811624203821656
2 0.2352 0.681671974522293 0.163175 0.06009554140127389
2 0.557675 0.8001433121019108 0.11900000000000001 0.07020700636942676
2 0.6623 0.880812101910828 0.13295 0.0510828025477707
2 0.509375 0.8994745222929936 0.12975 0.0378343949044586
2 0.366025 0.8883917197452229 0.1435 0.040286624203821654
2 0.36185 0.8405414012738853 0.13945 0.044378980891719745