3 0.8915671641791044 0.7617733333333334 0.21686567164179105 0.31237333333333334
0 0.8923694029850746 0.16552 0.07863805970149254 0.04661333333333333
2 0.8721455223880598 0.36478666666666665 0.2557089552238806 0.15046666666666667
2 0.6191417910447762 0.21796 0.32636194029850746 0.15362666666666666
2 0.43942164179104476 0.39103999999999994 0.5256716417910448 0.19230666666666665
2 0.1258768656716418 0.5769333333333333 0.2517537313432836 0.35696000000000006
2 0.4926492537313433 0.7465333333333333 0.6705970149253732 0.5069333333333333
2 0.08604477611940298 0.8315733333333333 0.17210820895522388 0.22068
2 0.13574626865671643 0.22737333333333334 0.2714738805970149 0.1788533333333333
0 0.2894776119402985 0.5336933333333334 0.10625000000000001 0.10604
0 0.22972014925373133 0.46108 0.07041044776119404 0.08038666666666666
0 0.9677611940298508 0.5783200000000001 0.06447761194029851 0.07786666666666667