5 0.13526400000000002 0.66168 0.057184000000000006 0.194832
5 0.03928 0.5485760000000001 0.031616000000000005 0.173424
5 0.549056 0.5000479999999999 0.048512 0.274752
5 0.40721599999999997 0.38958400000000004 0.04216 0.158384
5 0.7911520000000001 0.330368 0.05056 0.178608
5 0.67168 0.364496 0.187104 0.042064
5 0.524512 0.306352 0.191424 0.04736
5 0.3464 0.682992 0.3088 0.071104
5 0.765008 0.649936 0.055903999999999995 0.184144
5 0.658896 0.5928640000000001 0.054863999999999996 0.178784
5 0.9671200000000001 0.6088640000000001 0.044095999999999996 0.17238399999999998
5 0.8876639999999999 0.634992 0.096384 0.09024