0 0.19402482269503546 0.08098240469208211 0.08352836879432624 0.08476539589442815
0 0.5089716312056738 0.07093841642228739 0.09890070921985816 0.06991202346041056
0 0.8207624113475178 0.09319648093841643 0.08049645390070921 0.05332844574780058
0 0.8235106382978723 0.29033724340175954 0.2050886524822695 0.3410557184750733
0 0.508031914893617 0.28195014662756596 0.2955141843971631 0.3522434017595308
0 0.1950886524822695 0.2791348973607038 0.18911347517730495 0.3605718475073314
0 0.19391843971631206 0.5646334310850439 0.08333333333333333 0.08804985337243401
0 0.1950886524822695 0.7602785923753665 0.18911347517730495 0.36060117302052785
0 0.5075886524822695 0.7636803519061585 0.2988652482269504 0.3551759530791789
0 0.5101418439716312 0.5520527859237536 0.10122340425531916 0.06988269794721406
0 0.8222340425531915 0.5745014662756598 0.08343971631205674 0.05016129032258065
0 0.8234397163120568 0.7703958944281525 0.20835106382978724 0.34241935483870967