2 0.0976595744680851 0.6549734042553191 0.12328014184397164 0.2579787234042553
2 0.27367021276595743 0.6023404255319149 0.08671985815602837 0.29845744680851066
2 0.41429078014184395 0.6604255319148936 0.061968085106382985 0.16287234042553192
2 0.5400886524822696 0.7056648936170212 0.06290780141843971 0.2695212765957447
2 0.6695390070921986 0.6671010638297873 0.05845744680851064 0.18632978723404256
2 0.8762234042553192 0.6865425531914894 0.10187943262411348 0.31747340425531917
0 0.916968085106383 0.5272340425531915 0.03118794326241135 0.04625
0 0.6553191489361703 0.559627659574468 0.0300177304964539 0.030053191489361704
0 0.5279078014184397 0.5641755319148936 0.03125886524822695 0.0339095744680851
0 0.3996631205673759 0.5703457446808511 0.03328014184397163 0.03773936170212766
0 0.2691489361702128 0.43757978723404256 0.028156028368794328 0.031914893617021274
0 0.12565602836879433 0.5113563829787234 0.027978723404255317 0.028324468085106382