0 0.08698581560283689 0.5821040189125295 0.06936170212765957 0.09702127659574468
0 0.18937943262411347 0.487612293144208 0.06558510638297872 0.08354609929078015
0 0.3321985815602837 0.4878486997635934 0.06574468085106383 0.0794562647754137
0 0.2620390070921986 0.3204018912529551 0.05702127659574467 0.06595744680851064
0 0.3045921985815603 0.3267612293144208 0.0499822695035461 0.06718676122931443
0 0.3271631205673759 0.38661938534278956 0.05546099290780142 0.07742316784869976
0 0.2700709219858156 0.4117966903073286 0.06023049645390071 0.06579196217494089
0 0.16374113475177304 0.421725768321513 0.06900709219858156 0.0839952718676123
0 0.15047872340425533 0.3113947990543735 0.06232269503546099 0.07484633569739953
0 0.08526595744680851 0.4417966903073286 0.053953900709219856 0.07853427895981087
0 0.13390070921985814 0.6550354609929078 0.07943262411347517 0.051418439716312055
0 0.19886524822695034 0.5781087470449172 0.052074468085106386 0.06851063829787234
0 0.3300531914893617 0.5708037825059101 0.06999999999999999 0.06302600472813238
0 0.14937943262411346 0.5334278959810874 0.0676418439716312 0.07943262411347518
0 0.4471631205673759 0.38754137115839243 0.04608156028368794 0.06118203309692671
0 0.49145390070921985 0.40463356973995274 0.046560283687943266 0.05690307328605201
0 0.4121631205673759 0.585177304964539 0.05175531914893617 0.06877068557919622
0 0.4028191489361702 0.5201182033096926 0.04952127659574468 0.0656501182033097
0 0.48489361702127665 0.5703309692671394 0.05106382978723405 0.06023640661938534
0 0.5521985815602837 0.5423167848699764 0.05115248226950355 0.05843971631205674
0 0.59677304964539 0.5712293144208038 0.050390070921985816 0.06030732860520095
0 0.6447872340425532 0.5019858156028368 0.03787234042553191 0.06165484633569739
0 0.5724290780141844 0.3859810874704492 0.04581560283687943 0.046737588652482266
0 0.19987588652482272 0.45080378250591013 0.3227127659574468 0.46151300236406617
0 0.39067375886524824 0.3107801418439716 0.04070921985815603 0.056052009456264776
0 0.3955673758865248 0.42245862884160756 0.0450531914893617 0.04574468085106383
0 0.4061702127659575 0.4688179669030733 0.05329787234042553 0.042647754137115836
0 0.45547872340425527 0.47572104018912525 0.044343971631205674 0.05061465721040189
0 0.5451950354609929 0.47652482269503543 0.041365248226950355 0.07238770685579196
0 0.6082978723404255 0.4989125295508274 0.04120567375886525 0.060992907801418444
0 0.628936170212766 0.3704728132387707 0.044468085106382976 0.054066193853427896
0 0.6609219858156028 0.46404255319148935 0.04459219858156028 0.05827423167848699
0 0.5128014184397164 0.3611347517730496 0.05398936170212766 0.06983451536643026
0 0.4905141843971631 0.28966903073286054 0.042039007092198585 0.059125295508274237
0 0.6016312056737588 0.32607565011820333 0.04691489361702128 0.0558628841607565
0 0.7302836879432624 0.4167375886524823 0.042039007092198585 0.05423167848699764
0 0.7346276595744681 0.5072340425531915 0.04528368794326241 0.04865248226950354
0 0.8206205673758865 0.5902836879432624 0.04609929078014184 0.06080378250591016
0 0.7759929078014185 0.5997163120567376 0.05058510638297872 0.06515366430260047
0 0.7923758865248226 0.45685579196217496 0.03849290780141844 0.042104018912529545
0 0.9052482269503546 0.6362174940898345 0.04418439716312057 0.06028368794326241
0 0.9448404255319148 0.6208983451536643 0.0475709219858156 0.060472813238770684
0 0.7729432624113475 0.514468085106383 0.02952127659574468 0.06314420803782506
0 0.8093971631205674 0.480354609929078 0.12829787234042553 0.3676595744680851
0 0.43631205673758866 0.2540661938534279 0.04097517730496454 0.047683215130023646
0 0.5066843971631205 0.469645390070922 0.045851063829787236 0.05137115839243499
0 0.5397695035460993 0.42281323877068555 0.048156028368794325 0.05371158392434988
0 0.6015070921985816 0.43711583924349884 0.03946808510638298 0.057517730496453895
0 0.65 0.4286052009456265 0.04175531914893617 0.058061465721040185
0 0.5155851063829787 0.6264302600472814 0.05413120567375887 0.06969267139479905
0 0.47081560283687945 0.5184633569739953 0.03932624113475177 0.06387706855791962
0 0.5475 0.5740661938534279 0.0500531914893617 0.041063829787234045
0 0.647145390070922 0.6097635933806147 0.04418439716312057 0.06680851063829787
0 0.6744503546099291 0.5206382978723404 0.04173758865248227 0.0609692671394799
0 0.6584219858156029 0.5576832151300236 0.04773049645390071 0.046312056737588654
0 0.7397872340425532 0.3487234042553191 0.03794326241134752 0.04501182033096927
0 0.6945567375886526 0.40189125295508277 0.037145390070921984 0.051725768321513
0 0.7719148936170213 0.4121276595744681 0.041063829787234045 0.04281323877068558
0 0.24007092198581562 0.5916312056737588 0.030762411347517733 0.06858156028368795
0 0.21835106382978725 0.38647754137115836 0.04381205673758865 0.05966903073286051
0 0.13031914893617022 0.3752482269503546 0.06338652482269504 0.07633569739952718