8 0.7641549295774648 0.2563585434173669 0.4567957746478873 0.5080672268907563
8 0.818362676056338 0.7411484593837534 0.3620598591549296 0.5135014005602241
8 0.29492957746478876 0.5344817927170868 0.5712852112676057 0.5810924369747898
8 0.674806338028169 0.36901960784313725 0.08007042253521127 0.194593837535014
8 0.4455633802816902 0.17333333333333334 0.21971830985915491 0.3457142857142857
8 0.14147887323943661 0.6001400560224089 0.09533450704225352 0.16478991596638656
8 0.03470070422535211 0.479327731092437 0.056760563380281695 0.07476190476190477
8 0.30614436619718305 0.3218207282913165 0.07464788732394366 0.060840336134453776
8 0.0285387323943662 0.5542857142857143 0.0570774647887324 0.20683473389355744
8 0.15649647887323945 0.3484313725490196 0.029753521126760562 0.03260504201680672
8 0.19190140845070422 0.41252100840336137 0.11279929577464788 0.09406162464985994
8 0.6919014084507042 0.07641456582633054 0.08899647887323943 0.12507002801120448
8 0.22436619718309858 0.2670588235294118 0.04859154929577465 0.04663865546218487