8 0.949703808180536 0.7923354564755839 0.09912552891396333 0.3046709129511677
8 0.694330042313117 0.35133757961783435 0.16002820874471085 0.0727176220806794
8 0.19665726375176307 0.7732271762208068 0.392327221438646 0.4296178343949045
8 0.5937517630465444 0.8805520169851381 0.2673342736248237 0.21849256900212313
8 0.5859379407616361 0.30613588110403395 0.06464033850493653 0.07231422505307857
8 0.608885754583921 0.5104670912951168 0.13940761636107193 0.36144373673036095
8 0.8774471086036671 0.39910828025477707 0.0815373765867419 0.11171974522292993
8 0.9370098730606489 0.45276008492569003 0.1184062059238364 0.27065817409766457
8 0.8481382228490832 0.48401273885350315 0.07500705218617772 0.15426751592356688
8 0.28442877291960506 0.2715923566878981 0.15380818053596615 0.04592356687898089
8 0.46533145275035265 0.3303821656050956 0.03574047954866008 0.0419108280254777
8 0.29980253878702395 0.3169851380042463 0.16857545839210156 0.13367303609341827
8 0.13464033850493654 0.4024203821656051 0.1702820874471086 0.035329087048832274