8 0.8286149936467598 0.6426174496644296 0.3354510800508259 0.7032214765100671
8 0.061181702668360864 0.3419463087248322 0.11939008894536213 0.3780536912751678
8 0.7602541296060992 0.08060402684563758 0.1746886912325286 0.16033557046979866
8 0.8061499364675986 0.26758389261744964 0.37622617534942815 0.26241610738255033
8 0.16064803049555273 0.1061744966442953 0.13866581956797966 0.2074049217002237
8 0.608881829733164 0.11384787472035794 0.12487928843710293 0.22771812080536913
8 0.05081321473951716 0.11993288590604027 0.09893265565438374 0.23984340044742727
8 0.2849174078780178 0.021073825503355705 0.11780177890724268 0.042170022371364656
8 0.2441423125794155 0.6722595078299777 0.21398983481575604 0.1810738255033557
8 0.5463913595933926 0.582013422818792 0.11083862770012708 0.2417897091722595
8 0.20983481575603555 0.37718120805369126 0.18420584498094028 0.0801565995525727
8 0.6923888182973316 0.6430425055928412 0.06198221092757306 0.6632438478747205
8 0.49902160101651843 0.43715883668903804 0.11693773824650572 0.17237136465324385
8 0.5414993646759848 0.35011185682326623 0.04689961880559085 0.09651006711409396
8 0.2729479034307497 0.5205369127516779 0.019796696315120713 0.02778523489932886
8 0.4489707750952986 0.5802908277404921 0.04123252858958069 0.06512304250559284