8 0.5500958466453675 0.5185215605749487 0.253258785942492 0.25601642710472283
8 0.7479552715654952 0.7460985626283368 0.20929712460063898 0.22437371663244352
8 0.34738019169329076 0.717782340862423 0.16003194888178915 0.20117043121149897
8 0.5975079872204473 0.9301848049281314 0.2187859424920128 0.138911704312115
8 0.723258785942492 0.09106776180698152 0.3745367412140575 0.13794661190965093
8 0.40380191693290735 0.9218685831622176 0.17920127795527158 0.15478439425051332
8 0.7194568690095846 0.34203285420944557 0.3496485623003195 0.13782340862422998
8 0.42201277955271566 0.20055441478439426 0.2626837060702875 0.142217659137577
8 0.7342811501597445 0.2166735112936345 0.4015015974440895 0.12316221765913757
8 0.9299041533546326 0.924312114989733 0.13172523961661342 0.14831622176591377
8 0.07450479233226837 0.47459958932238194 0.1254632587859425 0.18480492813141683
8 0.15696485623003195 0.33716632443531824 0.19466453674121406 0.1326899383983573
8 0.19412140575079873 0.5048870636550308 0.15613418530351436 0.18652977412731006
8 0.33408945686900954 0.5024435318275154 0.20722044728434505 0.21240246406570842
8 0.40380191693290735 0.3327720739219713 0.32099041533546324 0.13342915811088296
8 0.12345047923322684 0.8998973305954825 0.2370287539936102 0.19677618069815195
8 0.043322683706070286 0.6913963039014374 0.08054313099041534 0.173347022587269