8 0.7250953678474115 0.9228037383177571 0.09400544959128065 0.14199376947040498
8 0.4892643051771117 0.5562928348909657 0.15258855585831063 0.26404984423676015
8 0.6987193460490463 0.5562928348909657 0.12419618528610354 0.24102803738317757
8 0.517574931880109 0.9322741433021806 0.10283378746594006 0.12722741433021809
8 0.2551226158038147 0.9306230529595017 0.1829700272479564 0.1320872274143302
8 0.2824795640326975 0.5789096573208723 0.23438692098092642 0.23697819314641744
8 0.06719346049046322 0.14878504672897197 0.06831062670299727 0.2819314641744548
8 0.45457765667574934 0.16174454828660437 0.3630245231607629 0.3128971962616822
8 0.07043596730245232 0.498785046728972 0.13940054495912807 0.18143302180685358
8 0.18861035422343325 0.3031464174454829 0.11615803814713897 0.08785046728971962
8 0.34228882833787466 0.12629283489096574 0.09204359673024523 0.2354517133956386
8 0.19517711171662125 0.570809968847352 0.06634877384196186 0.2085046728971963
8 0.16346049046321526 0.08947040498442367 0.03727520435967303 0.10355140186915889
8 0.19959128065395096 0.18965732087227416 0.10760217983651227 0.04722741433021807
8 0.22948228882833788 0.09155763239875389 0.039482288828337875 0.10118380062305295
8 0.02553133514986376 0.9451090342679127 0.05106267029972752 0.10208722741433023
8 0.8715803814713896 0.753644859813084 0.09967302452316076 0.17822429906542056
8 0.009291553133514987 0.15031152647975077 0.018119891008174387 0.2886292834890966
8 0.8271389645776567 0.1847663551401869 0.2531607629427793 0.3547663551401869
8 0.050899182561307904 0.4435202492211838 0.09978201634877383 0.06869158878504673
8 0.8925885558583105 0.9546105919003115 0.1519891008174387 0.08261682242990655
8 0.8652316076294279 0.5266978193146418 0.1135967302452316 0.2329283489096573