8 0.5200165562913907 0.933265306122449 0.06438741721854305 0.1334467120181406
8 0.19726821192052982 0.4507482993197279 0.10577814569536424 0.19510204081632654
8 0.02816225165562914 0.6817913832199547 0.0497682119205298 0.11653061224489795
8 0.5424834437086093 0.8212244897959184 0.040248344370860924 0.1018140589569161
8 0.7055629139072848 0.20882086167800454 0.08660596026490067 0.09714285714285716
8 0.6113245033112583 0.08793650793650794 0.04577814569536424 0.08643990929705214
8 0.9720529801324503 0.40460317460317463 0.05587748344370861 0.10467120181405895
8 0.13158940397350993 0.5824943310657597 0.1030298013245033 0.14786848072562356
8 0.22692052980132452 0.6968480725623583 0.08538079470198676 0.09287981859410431
8 0.88817880794702 0.748344671201814 0.13122516556291391 0.17104308390022677
8 0.760248344370861 0.7590476190476191 0.055513245033112585 0.05798185941043084
8 0.16137417218543046 0.7924716553287983 0.06142384105960265 0.1870748299319728
8 0.23180463576158938 0.8633560090702947 0.06177152317880795 0.09981859410430839
8 0.11577814569536425 0.49054421768707485 0.0858774834437086 0.049614512471655325
8 0.1137748344370861 0.119297052154195 0.04433774834437086 0.07673469387755102
8 0.6376986754966888 0.9362131519274377 0.1028476821192053 0.1275736961451247
8 0.8535099337748344 0.05074829931972789 0.07665562913907284 0.05784580498866213
8 0.05115894039735099 0.5500453514739229 0.10231788079470198 0.1381859410430839
8 0.6284105960264901 0.4256689342403628 0.08105960264900662 0.05784580498866213
8 0.820794701986755 0.7389795918367347 0.07610927152317881 0.11226757369614512
8 0.1776158940397351 0.30378684807256234 0.022301324503311258 0.07464852607709752
8 0.8583940397350994 0.2544671201814059 0.16369205298013245 0.09505668934240363
8 0.6513741721854305 0.7536961451247165 0.08538079470198676 0.0545124716553288
8 0.6391556291390729 0.49487528344671206 0.08801324503311257 0.10240362811791383
8 0.7973675496688742 0.9389342403628118 0.06475165562913907 0.09387755102040816
8 0.8222682119205298 0.09854875283446712 0.07031456953642384 0.07816326530612244
8 0.8085927152317881 0.1904308390022676 0.02665562913907285 0.10090702947845805
8 0.16003311258278144 0.08952380952380952 0.07574503311258278 0.09170068027210884
8 0.5649337748344372 0.40392290249433105 0.07629139072847682 0.06716553287981859
8 0.7514569536423841 0.698843537414966 0.0786092715231788 0.07113378684807256
8 0.9233443708609272 0.6323129251700681 0.1458774834437086 0.1116780045351474
8 0.3811092715231788 0.8794104308390023 0.04428807947019867 0.06482993197278912
8 0.6591721854304635 0.18174603174603177 0.043029801324503306 0.10115646258503401
8 0.740728476821192 0.33204081632653065 0.09271523178807947 0.11553287981859411
8 0.46142384105960266 0.796485260770975 0.08771523178807947 0.15498866213151927
8 0.30443708609271525 0.3185034013605442 0.0533112582781457 0.10147392290249434
8 0.5629801324503312 0.4858503401360544 0.04552980132450331 0.11761904761904761
8 0.962317880794702 0.5684353741496598 0.07538079470198676 0.05512471655328798
8 0.8266556291390729 0.352766439909297 0.08178807947019867 0.09269841269841271
8 0.5918046357615894 0.027369614512471656 0.1139569536423841 0.05219954648526077
8 0.9675496688741722 0.3382312925170068 0.06491721854304636 0.07156462585034014
8 0.07331125827814569 0.25630385487528345 0.05153973509933775 0.10732426303854875
8 0.03253311258278146 0.07904761904761905 0.05460264900662251 0.07301587301587302
8 0.6718708609271523 0.06557823129251701 0.08771523178807947 0.10165532879818594
8 0.4682615894039735 0.45609977324263035 0.07947019867549669 0.06052154195011338
8 0.4101490066225165 0.7918140589569161 0.03264900662251655 0.10968253968253967
8 0.02187086092715232 0.16625850340136053 0.04350993377483444 0.09303854875283447
8 0.4174834437086093 0.2631519274376417 0.0808112582781457 0.07904761904761905
8 0.0595364238410596 0.45140589569160994 0.05251655629139073 0.09696145124716553
8 0.4519039735099338 0.05784580498866213 0.04663907284768212 0.052675736961451246
8 0.48413907284768215 0.12380952380952381 0.056970198675496686 0.05308390022675737
8 0.8818377483443709 0.9128571428571428 0.12879139072847684 0.14235827664399092
8 0.246705298013245 0.0964625850340136 0.06915562913907285 0.0865986394557823
8 0.4230960264900662 0.14285714285714285 0.06622516556291391 0.10482993197278911
8 0.06902317880794702 0.7302721088435374 0.10875827814569536 0.13240362811791384
8 0.36182119205298013 0.46746031746031746 0.06890728476821191 0.0807936507936508
8 0.19640728476821193 0.20346938775510204 0.04428807947019867 0.0646938775510204
8 0.42602649006622517 0.6717687074829932 0.0759933774834437 0.12405895691609978
8 0.3007781456953642 0.1431065759637188 0.06572847682119205 0.09253968253968255
8 0.29834437086092713 0.41027210884353743 0.06347682119205299 0.10165532879818594
8 0.5156291390728477 0.2066439909297052 0.06427152317880795 0.09897959183673469
8 0.8779304635761589 0.4718140589569161 0.08312913907284768 0.07746031746031745
8 0.35816225165562915 0.11777777777777777 0.06256622516556291 0.0838095238095238
8 0.758294701986755 0.46478458049886623 0.07947019867549669 0.0935374149659864
8 0.6718708609271523 0.8212244897959184 0.09723509933774833 0.06235827664399093
8 0.018841059602649007 0.9034920634920635 0.037682119205298015 0.10884353741496598
8 0.8095695364238411 0.6306349206349207 0.09753311258278145 0.060408163265306125
8 0.3129801324503311 0.21986394557823127 0.061986754966887415 0.08213151927437641
8 0.6059602649006622 0.2626530612244898 0.09124172185430464 0.11510204081632652
8 0.4787582781456954 0.333718820861678 0.06854304635761589 0.046099773242630385
8 0.7373013245033112 0.9636734693877551 0.06119205298013245 0.0564625850340136
8 0.804205298013245 0.5597505668934241 0.13208609271523178 0.04832199546485261
8 0.6142549668874172 0.636984126984127 0.07697019867549669 0.08693877551020408
8 0.7675827814569537 0.05562358276643991 0.07306291390728477 0.08777777777777777
8 0.5156291390728477 0.607233560090703 0.07135761589403974 0.0935374149659864
8 0.5517549668874172 0.7276190476190476 0.07751655629139073 0.10374149659863946
8 0.028973509933774833 0.02816326530612245 0.05529801324503311 0.05179138321995465
8 0.024221854304635762 0.27485260770975056 0.04842715231788079 0.1110204081632653
8 0.15124172185430462 0.9763945578231292 0.07288079470198676 0.04555555555555556
8 0.5131788079470199 0.5049206349206349 0.05986754966887416 0.048934240362811784
8 0.9238245033112583 0.15498866213151927 0.11084437086092716 0.06365079365079365
8 0.2712417218543047 0.9208843537414966 0.08385761589403973 0.10925170068027211
8 0.21105960264900664 0.7724036281179139 0.053708609271523176 0.09238095238095238
8 0.6113245033112583 0.17219954648526076 0.05910596026490067 0.07235827664399093
8 0.6865231788079471 0.3146485260770975 0.06210264900662251 0.09453514739229024
8 0.38403973509933775 0.02938775510204082 0.05410596026490066 0.05784580498866213
8 0.04922185430463576 0.3405668934240363 0.06475165562913907 0.09086167800453515
8 0.43822847682119204 0.5771428571428572 0.0846523178807947 0.06532879818594103
8 0.5800827814569537 0.9641496598639455 0.06119205298013245 0.07167800453514739
8 0.35180463576158943 0.6099092970521542 0.09039735099337749 0.06829931972789116
8 0.5122019867549669 0.02541950113378685 0.05072847682119205 0.0508390022675737
8 0.7211920529801324 0.6510430839002268 0.08771523178807947 0.06578231292517008
8 0.33667218543046357 0.04464852607709751 0.04779801324503311 0.07247165532879819
8 0.23523178807947023 0.3054648526077098 0.06488410596026489 0.08693877551020408
8 0.3950165562913907 0.9707936507936508 0.08301324503311258 0.058435374149659866
8 0.938476821192053 0.0838095238095238 0.0447682119205298 0.06557823129251701
8 0.35816225165562915 0.29809523809523814 0.05801324503311258 0.07167800453514739
8 0.12572847682119204 0.34374149659863945 0.0502317880794702 0.09204081632653062
8 0.116341059602649 0.2173469387755102 0.04491721854304635 0.08049886621315193