10 0.5963625592417061 0.5872767857142858 0.13033175355450238 0.43705357142857143
10 0.23754739336492892 0.6719866071428572 0.1895734597156398 0.38979910714285715
10 0.41625592417061613 0.8646874999999999 0.13549763033175355 0.25296875
10 0.8691350710900473 0.9120758928571429 0.16394549763033175 0.17120535714285715
10 0.02764218009478673 0.3530133928571429 0.05528436018957346 0.15386160714285715
10 0.5761729857819905 0.07779017857142857 0.1533175355450237 0.15558035714285715
10 0.37670616113744076 0.3946205357142857 0.11901658767772512 0.20272321428571427
10 0.43652843601895736 0.6480580357142857 0.12316350710900474 0.23203125
10 0.04183649289099527 0.5160491071428571 0.08312796208530805 0.1715625
10 0.5039099526066351 0.34816964285714286 0.10485781990521327 0.19582589285714286
10 0.4655805687203791 0.15441964285714288 0.08959715639810427 0.18604910714285713
10 0.1699170616113744 0.37140625 0.09087677725118484 0.19857142857142857
10 0.04849526066350711 0.8849330357142857 0.04162322274881517 0.07783482142857143
10 0.12035545023696682 0.15546875000000002 0.10247630331753554 0.16292410714285713
10 0.7031279620853081 0.32933035714285713 0.15710900473933648 0.28930803571428576
10 0.903803317535545 0.6342633928571428 0.07574644549763034 0.17995535714285715
10 0.596196682464455 0.25595982142857143 0.08959715639810427 0.3509375
10 0.7817417061611374 0.7561383928571429 0.07330568720379146 0.19616071428571427
10 0.8847630331753554 0.7786830357142858 0.028009478672985783 0.13785714285714284
10 0.5463862559241706 0.9355357142857142 0.0575 0.125
10 0.029928909952606636 0.6609375000000001 0.05985781990521327 0.11982142857142856
10 0.7226540284360189 0.09555803571428571 0.14318720379146918 0.18546875000000002
10 0.07977488151658768 0.79203125 0.04336492890995261 0.08756696428571428
10 0.8984360189573459 0.2858482142857143 0.06561611374407583 0.31966517857142857
10 0.29419431279620856 0.27366071428571426 0.06131516587677725 0.10359375
10 0.9311492890995261 0.06254464285714285 0.07921800947867298 0.12453125
10 0.10559241706161138 0.3861160714285714 0.06658767772511849 0.16178571428571428
10 0.9433649289099527 0.8108705357142857 0.08434834123222748 0.12591517857142856
10 0.36742890995260663 0.07841517857142857 0.12127962085308057 0.155
10 0.5068364928909952 0.05426339285714286 0.05593601895734597 0.08756696428571428
10 0.2680687203791469 0.34977678571428567 0.035556872037914695 0.078125
10 0.9169905213270143 0.20881696428571428 0.028447867298578202 0.07917410714285714
10 0.22851895734597158 0.4999553571428571 0.08404028436018958 0.17006696428571427
10 0.8833056872037914 0.15247767857142858 0.040533175355450236 0.058013392857142854
10 0.16760663507109005 0.7377455357142857 0.07598341232227487 0.13488839285714285
10 0.0617654028436019 0.31758928571428574 0.08446682464454977 0.10169642857142858
10 0.04303317535545024 0.10227678571428571 0.08587677725118484 0.20031249999999998
10 0.20654028436018956 0.05595982142857143 0.05877962085308057 0.10928571428571429
10 0.3418009478672986 0.027544642857142858 0.06075829383886256 0.054709821428571434
10 0.16845971563981044 0.30723214285714284 0.042879146919431274 0.06560267857142857
10 0.694218009478673 0.6054017857142858 0.122239336492891 0.18700892857142856
10 0.7018127962085309 0.8060491071428572 0.10900473933649289 0.19024553571428574
10 0.9677725118483412 0.013459821428571429 0.02981042654028436 0.025200892857142856