8 0.3343987341772152 0.7646398305084746 0.40477848101265823 0.32447033898305083
8 0.08525316455696202 0.7646398305084746 0.16819620253164558 0.1621186440677966
8 0.9225949367088608 0.888177966101695 0.14933544303797466 0.21728813559322036
8 0.09208860759493671 0.9106355932203389 0.17895569620253163 0.1320762711864407
8 0.2537974683544304 0.4128389830508475 0.23503164556962025 0.07697033898305085
8 0.7570569620253165 0.6870127118644067 0.15496835443037973 0.14466101694915254
8 0.7391772151898734 0.4038135593220339 0.07462025316455696 0.05675847457627119
8 0.20164556962025315 0.5688559322033898 0.3522784810126582 0.10741525423728814
8 0.8642721518987342 0.18055084745762712 0.10794303797468355 0.047139830508474576
8 0.11870253164556961 0.40796610169491526 0.09427215189873417 0.06927966101694916
8 0.6768354430379747 0.3754872881355932 0.08370253164556962 0.042076271186440674
8 0.1802215189873418 0.3029872881355932 0.13965189873417722 0.07684322033898305
8 0.2704113924050633 0.19726694915254236 0.0844620253164557 0.13817796610169492
8 0.7205696202531645 0.4816949152542373 0.1601898734177215 0.05654661016949153
8 0.3095886075949367 0.31788135593220335 0.09259493670886076 0.06110169491525424
8 0.04914556962025316 0.295656779661017 0.06382911392405063 0.03853813559322034