8 0.2031777777777778 0.17453749999999998 0.4063555555555556 0.14122500000000002
8 0.5260444444444444 0.3066375 0.3852 0.14880000000000002
8 0.17204444444444444 0.3117625 0.3440666666666667 0.1358625
8 0.8593777777777778 0.4475125 0.2743111111111111 0.1543
8 0.5356000000000001 0.4433625 0.3724 0.1473375
8 0.1647111111111111 0.44628749999999995 0.3294222222222222 0.13525
8 0.8524222222222222 0.5961875 0.2816888888888889 0.153325
8 0.16448888888888888 0.5913125 0.3268222222222222 0.14685
8 0.1597333333333333 0.7358374999999999 0.3194444444444444 0.159425
8 0.8676222222222222 0.7544 0.2647555555555556 0.17333749999999998
8 0.5269111111111111 0.59815 0.3821555555555555 0.1589375
8 0.5250888888888888 0.7524 0.4038 0.1790875