8 0.10741935483870968 0.3003164556962025 0.20531017369727045 0.4885126582278481
8 0.34496277915632756 0.40382911392405063 0.2800248138957816 0.4387025316455696
8 0.5703225806451613 0.2732278481012658 0.21997518610421837 0.2733860759493671
8 0.8129776674937965 0.12531645569620253 0.3662034739454095 0.24784810126582277
8 0.26196029776674934 0.10281645569620254 0.16101736972704714 0.19585443037974684
8 0.47950372208436726 0.08319620253164557 0.23022332506203474 0.1643987341772152
8 0.7910173697270471 0.6317405063291139 0.38451612903225807 0.6046518987341772
8 0.5346650124069479 0.851867088607595 0.26903225806451614 0.28753164556962024
8 0.9140694789081886 0.4514556962025316 0.0903970223325062 0.0885126582278481
8 0.8330024813895781 0.04335443037974683 0.12548387096774194 0.08670886075949366
8 0.11900744416873449 0.8500000000000001 0.23436724565756825 0.24784810126582277
8 0.4231017369727047 0.05655063291139241 0.06806451612903226 0.1095253164556962
8 0.9472704714640199 0.038734177215189874 0.09893300248138957 0.07566455696202531
8 0.09349875930521091 0.044145569620253164 0.0998014888337469 0.08617088607594937