8 0.465088 0.28556603773584904 0.171632 0.5419811320754717
8 0.240736 0.21273584905660378 0.279632 0.17393867924528303
8 0.692864 0.5297405660377359 0.21532800000000002 0.1939622641509434
8 0.859376 0.4113443396226415 0.175296 0.2938443396226415
8 0.137824 0.867311320754717 0.15979200000000002 0.24884433962264152
8 0.5376 0.7636556603773585 0.14344 0.20134433962264153
8 0.154416 0.7060849056603773 0.157712 0.1631132075471698
8 0.837888 0.10903301886792452 0.318848 0.2164622641509434
8 0.7407199999999999 0.26252358490566036 0.153568 0.1946933962264151
8 0.786624 0.9068867924528301 0.177248 0.1834433962264151
8 0.5776319999999999 0.07214622641509434 0.165648 0.14007075471698113
8 0.577152 0.9328066037735849 0.228512 0.13
8 0.32824000000000003 0.5784905660377359 0.201104 0.27818396226415093
8 0.41820799999999997 0.614929245283019 0.177728 0.3619575471698113
8 0.919632 0.6787028301886792 0.1408 0.3632075471698113
8 0.5805600000000001 0.22978773584905662 0.17052799999999999 0.4570518867924528
8 0.17432 0.34818396226415094 0.11438399999999999 0.11165094339622643
8 0.264896 0.565377358490566 0.068176 0.2245518867924528
8 0.289792 0.8212499999999999 0.19348800000000002 0.3096698113207547
8 0.382576 0.4570518867924528 0.090272 0.1320754716981132
8 0.032416 0.8183490566037737 0.06372799999999999 0.3413443396226415
8 0.0164 0.6952830188679245 0.032112 0.21106132075471698