8 0.31519323671497584 0.08115264797507789 0.056642512077294684 0.08099688473520249
8 0.34449275362318843 0.19725856697819313 0.060507246376811596 0.12470404984423676
8 0.8647342995169082 0.8747040498442367 0.0544927536231884 0.07018691588785048
8 0.5605555555555556 0.8778504672897197 0.11980676328502415 0.08445482866043613
8 0.7934541062801933 0.7216822429906542 0.06671497584541063 0.08115264797507789
8 0.7827053140096619 0.6061370716510903 0.10053140096618357 0.09981308411214954
8 0.8388647342995169 0.3061993769470405 0.05966183574879227 0.07003115264797508
8 0.6884782608695652 0.7745794392523364 0.05611111111111111 0.08249221183800623
8 0.33495169082125603 0.6177881619937695 0.049227053140096615 0.07109034267912773
8 0.6713768115942028 0.9420872274143303 0.06743961352657005 0.08919003115264797
8 0.7973671497584541 0.1229595015576324 0.06118357487922705 0.0640809968847352
8 0.38623188405797104 0.08791277258566978 0.07806763285024154 0.06277258566978193
8 0.8725603864734299 0.7386915887850467 0.07183574879227053 0.07214953271028038
8 0.7382850241545893 0.17333333333333334 0.049227053140096615 0.05623052959501558
8 0.5947342995169083 0.22875389408099692 0.02685990338164251 0.04364485981308411
8 0.28954106280193237 0.11090342679127727 0.030797101449275364 0.05719626168224299
8 0.5449275362318841 0.6536760124610592 0.04968599033816425 0.06429906542056076
8 0.3222705314009662 0.5185981308411215 0.06671497584541063 0.1014018691588785
8 0.9062560386473429 0.18514018691588785 0.05560386473429951 0.058380062305295945
8 0.9243236714975845 0.7771028037383177 0.05309178743961353 0.10012461059190031
8 0.37915458937198065 0.9068224299065419 0.05727053140096618 0.06937694704049845
8 0.2346135265700483 0.9735825545171339 0.04577294685990338 0.04482866043613707
8 0.25830917874396137 0.8526791277258566 0.042318840579710144 0.06887850467289719
8 0.875 0.4830218068535826 0.06780193236714976 0.08202492211838006
8 0.12036231884057971 0.17523364485981308 0.06683574879227054 0.06165109034267913
8 0.9742028985507246 0.7494080996884736 0.051594202898550726 0.08320872274143302
8 0.2607487922705314 0.16246105919003115 0.05350241545893719 0.06710280373831776
8 0.23937198067632848 0.21772585669781933 0.03739130434782609 0.050062305295950155
8 0.45606280193236715 0.2714330218068536 0.057705314009661834 0.07227414330218068
8 0.5498067632850242 0.15909657320872275 0.06359903381642512 0.06526479750778816
8 0.9052657004830917 0.5532398753894081 0.058574879227053143 0.06613707165109034
8 0.48608695652173917 0.10744548286604362 0.05685990338164251 0.046884735202492214
8 0.6957971014492753 0.23788161993769472 0.05270531400966184 0.05065420560747664
8 0.7119082125603865 0.5274143302180686 0.0654830917874396 0.08099688473520249
8 0.6181642512077294 0.14348909657320874 0.06867149758454107 0.054579439252336444
8 0.21289855072463768 0.909968847352025 0.035072463768115944 0.07146417445482867
8 0.5043961352657005 0.06710280373831776 0.03855072463768116 0.04077881619937695
8 0.9340821256038647 0.8891900311526479 0.04154589371980676 0.03367601246105919
8 0.7558695652173913 0.2726791277258567 0.05442028985507247 0.07305295950155763
8 0.7665942028985507 0.9339252336448599 0.083743961352657 0.0929595015576324
8 0.2401207729468599 0.800404984423676 0.01978260869565217 0.10052959501557633
8 0.6054589371980676 0.45028037383177566 0.05842995169082126 0.11682242990654206
8 0.1248792270531401 0.5258255451713395 0.06792270531400967 0.0936760124610592
8 0.9570289855072464 0.34950155763239876 0.08198067632850241 0.12470404984423676
8 0.34154589371980676 0.9704361370716511 0.06152173913043478 0.04806853582554517
8 0.2731884057971014 0.37722741433021806 0.0544927536231884 0.0685981308411215
8 0.4533574879227053 0.7525545171339564 0.04620772946859903 0.06710280373831776
8 0.49828502415458936 0.4178504672897196 0.11473429951690821 0.07305295950155763
8 0.6928743961352658 0.46317757009345795 0.09333333333333334 0.045669781931464176
8 0.6059661835748792 0.34414330218068534 0.050241545893719805 0.07735202492211837
8 0.05202898550724638 0.855202492211838 0.031135265700483094 0.0760747663551402
8 0.20275362318840578 0.25725856697819316 0.027729468599033816 0.06314641744548287
8 0.39403381642512075 0.48993769470404985 0.0651207729468599 0.09856697819314642
8 0.5078019323671498 0.7361682242990655 0.05966183574879227 0.07819314641744549
8 0.45483091787439617 0.6580996884735203 0.03913043478260869 0.06825545171339564
8 0.8061594202898551 0.20953271028037385 0.0785024154589372 0.07158878504672897
8 0.6835990338164251 0.8501557632398753 0.05685990338164251 0.07333333333333333
8 0.917487922705314 0.2674766355140187 0.09417874396135266 0.11641744548286603
8 0.1126086956521739 0.7582242990654205 0.04596618357487923 0.06336448598130841
8 0.04760869565217392 0.3954828660436137 0.050990338164251206 0.07093457943925234
8 0.08386473429951691 0.8658878504672897 0.050048309178743956 0.08233644859813084
8 0.5732367149758454 0.9603738317757009 0.05243961352657005 0.05934579439252337
8 0.31224637681159423 0.21473520249221187 0.029154589371980677 0.045669781931464176
8 0.14954106280193236 0.9043302180685359 0.06439613526570048 0.08115264797507789
8 0.6635748792270532 0.3860436137071651 0.050603864734299515 0.10052959501557633
8 0.7914975845410628 0.36903426791277255 0.07502415458937198 0.09728971962616823
8 0.10144927536231885 0.26246105919003115 0.04968599033816425 0.06093457943925233
8 0.408695652173913 0.8218068535825546 0.07794685990338165 0.0909968847352025
8 0.13367149758454108 0.12651090342679128 0.03710144927536232 0.041557632398753895
8 0.9526328502415459 0.9376947040498442 0.058647342995169084 0.08965732087227414
8 0.07135265700483091 0.6196573208722741 0.056642512077294684 0.0685981308411215
8 0.2204589371980676 0.16295950155763242 0.028864734299516907 0.05218068535825545
8 0.3859903381642512 0.5954205607476636 0.057367149758454104 0.10517133956386292
8 0.7387681159420291 0.12940809968847353 0.03125603864734299 0.03305295950155763
8 0.18079710144927535 0.07993769470404985 0.03403381642512077 0.040155763239875394
8 0.9752657004830918 0.17127725856697817 0.049468599033816424 0.09769470404984423
8 0.9731400966183574 0.4657009345794393 0.049492753623188404 0.08186915887850468
8 0.32471014492753625 0.39641744548286606 0.04400966183574879 0.05806853582554517
8 0.4597101449275362 0.16034267912772585 0.043937198067632854 0.0554828660436137
8 0.10193236714975847 0.1054828660436137 0.03125603864734299 0.029376947040498442