8 0.5434590163934426 0.7868556701030928 0.19103278688524591 0.4191494845360825
8 0.6855409836065574 0.6455927835051547 0.15978688524590165 0.2136082474226804
8 0.18663934426229506 0.8666752577319587 0.06963934426229508 0.14989690721649485
8 0.3793934426229508 0.8689948453608248 0.11901639344262294 0.21878865979381443
8 0.41088524590163933 0.21015463917525776 0.04619672131147541 0.13020618556701033
8 0.45313114754098366 0.48592783505154635 0.16077049180327868 0.11561855670103093
8 0.6777377049180329 0.567680412371134 0.13427868852459016 0.053840206185567015
8 0.27904918032786885 0.39381443298969077 0.024754098360655737 0.048865979381443304
8 0.2546393442622951 0.8697680412371135 0.09350819672131147 0.13721649484536083
8 0.5859344262295082 0.6417525773195877 0.05932786885245901 0.12675257731958764
8 0.15308196721311473 0.4832474226804124 0.08386885245901639 0.0956701030927835
8 0.46924590163934427 0.7860824742268041 0.04016393442622951 0.10162371134020619
8 0.9254426229508197 0.7784020618556701 0.14911475409836064 0.42105670103092785
8 0.12139344262295082 0.647139175257732 0.12659016393442624 0.12167525773195877
8 0.3999016393442623 0.35350515463917526 0.08019672131147541 0.07579896907216495
8 0.6074262295081967 0.4797938144329897 0.03970491803278688 0.05239690721649484
8 0.13024590163934427 0.8198711340206186 0.05822950819672132 0.09327319587628866
8 0.4067377049180328 0.49896907216494846 0.018540983606557378 0.04221649484536082
8 0.34570491803278686 0.3345103092783505 0.03149180327868853 0.06878865979381443
8 0.29736065573770487 0.49551546391752577 0.06524590163934425 0.06961340206185568
8 0.49121311475409835 0.36847938144329895 0.050147540983606555 0.053118556701030925
8 0.06952459016393442 0.678221649484536 0.03662295081967213 0.05028350515463918
8 0.8071311475409837 0.2295360824742268 0.18737704918032785 0.1906701030927835
8 0.3972131147540984 0.5504123711340206 0.02262295081967213 0.03518041237113402
8 0.34960655737704915 0.6448453608247422 0.043360655737704916 0.08582474226804122
8 0.20337704918032787 0.5734536082474226 0.05234426229508197 0.08347938144329897
8 0.6933606557377049 0.38 0.13318032786885245 0.11399484536082473
8 0.6323278688524591 0.2782731958762887 0.040983606557377046 0.036469072164948456
8 0.361327868852459 0.7595876288659794 0.07849180327868853 0.09835051546391751
8 0.6938524590163935 0.2725257731958763 0.0309672131147541 0.05590206185567011
8 0.05844262295081967 0.36693298969072163 0.04770491803278689 0.056082474226804124
8 0.04311475409836066 0.5300773195876288 0.043852459016393446 0.10623711340206185
8 0.35180327868852457 0.4122422680412371 0.06867213114754099 0.0722680412371134
8 0.16393442622950818 0.3918814432989691 0.05319672131147542 0.052010309278350514
8 0.49316393442622947 0.23873711340206186 0.04491803278688524 0.015438144329896908
8 0.24475409836065576 0.7780154639175257 0.030852459016393444 0.03981958762886598