8 0.54004158004158 0.8591447368421052 0.11738045738045738 0.28171052631578947
8 0.4956133056133056 0.7030592105263157 0.0693970893970894 0.11509868421052633
8 0.6347609147609148 0.8250986842105263 0.323970893970894 0.34976973684210527
8 0.034948024948024944 0.8482894736842105 0.04821205821205821 0.11763157894736842
8 0.6513721413721414 0.6725328947368421 0.1339085239085239 0.1712171052631579
8 0.603035343035343 0.11828947368421053 0.07182952182952182 0.12092105263157894
8 0.20532224532224533 0.654375 0.05212058212058212 0.21901315789473683
8 0.8041995841995841 0.6632565789473684 0.04995841995841996 0.07121710526315789
8 0.711912681912682 0.5376973684210526 0.08343035343035343 0.11348684210526316
8 0.6596673596673597 0.22210526315789472 0.22546777546777547 0.3109539473684211
8 0.07642411642411642 0.24605263157894736 0.15172557172557175 0.21651315789473682
10 0.754885654885655 0.09575657894736841 0.030665280665280667 0.07976973684210527