8 0.9186715328467153 0.530820895522388 0.16265693430656936 0.41830845771144276
8 0.14623357664233577 0.8736318407960199 0.28783941605839414 0.24898009950248756
8 0.7143503649635037 0.705547263681592 0.12232116788321169 0.1081592039800995
8 0.21252554744525548 0.22256218905472636 0.1680875912408759 0.273955223880597
8 0.5488321167883211 0.5574626865671641 0.17382481751824816 0.43639303482587066
8 0.07122627737226277 0.2807960199004975 0.12445255474452555 0.07977611940298507
8 0.09436496350364963 0.5353980099502488 0.18652554744525546 0.42370646766169157
8 0.8002919708029198 0.38960199004975127 0.08465693430656934 0.08818407960199005
8 0.6015620437956204 0.8711194029850746 0.5424817518248175 0.25440298507462683
8 0.363036496350365 0.5524626865671642 0.18103649635036498 0.44139303482587067
8 0.03478832116788321 0.8727860696517413 0.06957664233576642 0.2527363184079602
8 0.5825255474452554 0.2244278606965174 0.13732846715328467 0.2269402985074627
8 0.9365255474452554 0.21611940298507462 0.12462773722627737 0.21059701492537314
8 0.9331094890510948 0.41121890547263684 0.10632116788321168 0.12106965174129354
8 0.457036496350365 0.22236318407960198 0.12145985401459855 0.26686567164179104
8 0.7216788321167884 0.5033830845771144 0.06408759124087592 0.20843283582089553
8 0.027795620437956203 0.4172636815920398 0.054408759124087595 0.23358208955223883
8 0.8208029197080292 0.671865671641791 0.0656058394160584 0.14340796019900498
8 0.20337226277372264 0.4908955223880597 0.0364963503649635 0.05052238805970149
8 0.8774452554744525 0.22340796019900497 0.053708029197080294 0.14092039800995024