8 0.5339952718676123 0.5549999999999999 0.18912529550827423 0.3022560975609756
8 0.1940898345153664 0.6643292682926829 0.18981087470449173 0.24512195121951222
8 0.4768085106382979 0.7928048780487805 0.15588652482269502 0.2424390243902439
8 0.3115130023640662 0.47573170731707315 0.13342789598108745 0.26070121951219516
8 0.5522458628841608 0.21268292682926832 0.17725768321513002 0.2351829268292683
8 0.7158156028368795 0.2096951219512195 0.15234042553191487 0.26682926829268294
8 0.8012765957446808 0.3699390243902439 0.16858156028368795 0.21362804878048777
8 0.6552718676122932 0.8664634146341463 0.1931205673758865 0.2570731707317073
8 0.16382978723404254 0.5214024390243903 0.12189125295508275 0.1291768292682927
8 0.40014184397163116 0.12429878048780489 0.11316784869976358 0.208109756097561
8 0.09449172576832152 0.13057926829268293 0.18529550827423166 0.24134146341463414
8 0.8403309692671395 0.8689939024390243 0.2011820330969267 0.22716463414634147
8 0.1804255319148936 0.8847256097560976 0.2127659574468085 0.22307926829268293
8 0.5 0.09420731707317073 0.0870921985815603 0.15585365853658537
8 0.05851063829787234 0.32195121951219513 0.11699763593380615 0.22969512195121952