8 0.6567336683417085 0.6693732193732194 0.38720268006700165 0.6548433048433048
8 0.7734338358458962 0.13162393162393163 0.06256281407035176 0.1006837606837607
8 0.07701842546063652 0.5809401709401709 0.15405360134003349 0.5074358974358975
8 0.26293132328308205 0.4991168091168091 0.0326465661641541 0.12062678062678063
8 0.40479061976549413 0.3101994301994302 0.17212730318257957 0.24396011396011394
8 0.587889447236181 0.5572649572649573 0.11180904522613065 0.1774074074074074
8 0.4668006700167504 0.18623931623931625 0.09137353433835846 0.14626780626780628
8 0.2358458961474037 0.6203703703703703 0.05877721943048577 0.08849002849002849
8 0.42797319932998323 0.03165242165242165 0.15123953098827472 0.06048433048433049
8 0.8891624790619767 0.24521367521367518 0.12360134003350084 0.0721082621082621
8 0.6767504187604689 0.3052136752136752 0.15613065326633166 0.16715099715099715
8 0.3034673366834171 0.7462108262108262 0.06463986599664992 0.11450142450142449