8 0.696656 0.4996923076923077 0.08056 0.16609230769230768
8 0.799312 0.6202153846153846 0.080624 0.16221538461538462
8 0.256592 0.6127076923076923 0.077936 0.14461538461538462
8 0.796384 0.39673846153846154 0.06043200000000001 0.10756923076923078
8 0.795408 0.3173846153846154 0.08832000000000001 0.10833846153846154
8 0.520512 0.5535384615384615 0.090752 0.1866153846153846
8 0.47216 0.40633846153846154 0.07207999999999999 0.15341538461538462
8 0.66552 0.5183384615384615 0.046208 0.10363076923076923
8 0.967776 0.5704307692307692 0.06408 0.15012307692307691
8 0.7641600000000001 0.35633846153846155 0.046624 0.08938461538461538
8 0.923344 0.4591692307692307 0.05176 0.1376923076923077
8 0.61328 0.39132307692307694 0.05676799999999999 0.15341538461538462
8 0.782224 0.5178461538461538 0.056848 0.1054153846153846
8 0.85888 0.4220923076923077 0.06064 0.08187692307692307
8 0.154176 0.3741846153846154 0.048304 0.06732307692307692
8 0.7407199999999999 0.3188 0.055936 0.07987692307692308
8 0.746576 0.4453230769230769 0.044095999999999996 0.09326153846153845
8 0.091552 0.41784615384615387 0.054112 0.08323076923076923
8 0.39673600000000003 0.6173846153846154 0.056032000000000005 0.08563076923076922
8 0.886224 0.3122153846153846 0.095888 0.09676923076923076
8 0.524416 0.9433846153846155 0.073184 0.1132
8 0.343744 0.46880000000000005 0.055424 0.08187692307692307
8 0.230096 0.5887692307692307 0.038816 0.08655384615384615
8 0.031984 0.5957846153846154 0.037536 0.0688923076923077
8 0.124448 0.4664615384615384 0.050592000000000005 0.11033846153846154
8 0.957024 0.3683384615384615 0.076112 0.10575384615384614
8 0.385504 0.9122461538461539 0.049951999999999996 0.14590769230769232
8 0.6645439999999999 0.7131692307692308 0.044192 0.10615384615384615
8 0.800288 0.7746769230769232 0.057072000000000005 0.0920923076923077
8 0.700192 0.6915692307692307 0.046544 0.10556923076923078
8 0.177856 0.5389846153846154 0.044768 0.08264615384615384
8 0.642576 0.5976615384615385 0.021984 0.09412307692307692
8 0.500496 0.6831384615384616 0.04648 0.08199999999999999
8 0.8950239999999999 0.6220923076923077 0.054416 0.09695384615384615
8 0.43798400000000004 0.588276923076923 0.037264 0.08901538461538462
8 0.923824 0.5676307692307692 0.043456 0.0912
8 0.036768 0.4218461538461538 0.068048 0.12827692307692307
8 0.25292800000000004 0.8619999999999999 0.063104 0.10975384615384616
8 0.049408 0.6911076923076923 0.049872 0.07947692307692307
8 0.402096 0.6864 0.057712 0.06655384615384614
8 0.692384 0.3828923076923077 0.032288 0.05944615384615385
8 0.018128000000000002 0.3896923076923077 0.035072000000000006 0.0644923076923077
8 0.07184 0.9094153846153846 0.10504000000000001 0.16713846153846154
8 0.9799680000000001 0.45353846153846156 0.040063999999999995 0.08092307692307693
8 0.667488 0.6202153846153846 0.035008 0.08310769230769231
8 0.016352000000000002 0.7376 0.03272 0.12076923076923077
8 0.871088 0.7286769230769231 0.051664 0.10024615384615385
8 0.5776319999999999 0.8484 0.0456 0.08080000000000001
8 0.213376 0.47935384615384613 0.036224 0.08092307692307693
8 0.044432 0.6441538461538462 0.033024 0.0628
8 0.406 0.48873846153846157 0.036160000000000005 0.07126153846153846
8 0.744624 0.7784307692307693 0.060208000000000005 0.11326153846153847
8 0.922848 0.6948615384615385 0.049136 0.10692307692307693
8 0.017344 0.5432 0.034688 0.08310769230769231
8 0.22864 0.7164615384615385 0.052336 0.09987692307692309
8 0.860352 0.520676923076923 0.065728 0.09086153846153847
8 0.13659200000000002 0.5446153846153846 0.036351999999999995 0.08415384615384616
8 0.45435200000000003 0.5169230769230769 0.048576 0.08609230769230769
8 0.374272 0.4779384615384616 0.044432 0.0936
8 0.1344 0.6742153846153847 0.039695999999999995 0.05855384615384616
8 0.6108319999999999 0.5202153846153846 0.0376 0.08387692307692309
8 0.349616 0.8052 0.065616 0.07523076923076923
8 0.20483200000000001 0.4378153846153846 0.054112 0.06520000000000001
8 0.31030399999999997 0.5803076923076923 0.041839999999999995 0.08461538461538462
8 0.093696 0.35892307692307696 0.0312 0.06507692307692307
8 0.66552 0.4345230769230769 0.050896 0.10175384615384615
8 0.35742399999999996 0.6976923076923077 0.044672 0.08015384615384616
8 0.83496 0.4549538461538462 0.039344 0.07443076923076923
8 0.48731199999999997 0.763876923076923 0.043456 0.07821538461538462
8 0.44286400000000004 0.7418153846153847 0.055824 0.09003076923076923
8 0.327888 0.6493230769230769 0.041472 0.0912
8 0.132576 0.35683076923076923 0.027488 0.05415384615384616
8 0.18566400000000002 0.8075384615384615 0.04648 0.09606153846153846
8 0.707024 0.3460307692307692 0.03928 0.08199999999999999
8 0.323488 0.5244307692307693 0.05136 0.09396923076923076
8 0.9736319999999999 0.3032923076923077 0.041536000000000003 0.04944615384615385
8 0.492912 0.8906461538461538 0.04208 0.07753846153846154
8 0.5263680000000001 0.8282153846153847 0.032527999999999994 0.08526153846153846
8 0.770992 0.28852307692307694 0.039184 0.03643076923076923
8 0.347664 0.8751384615384616 0.038607999999999996 0.08609230769230769
8 0.616704 0.6732615384615385 0.042575999999999996 0.07947692307692307
8 0.729984 0.4101230769230769 0.03168 0.061384615384615385
8 0.607424 0.7892307692307692 0.026192 0.06873846153846154
8 0.430672 0.8939384615384615 0.040624 0.0688923076923077
8 0.700192 0.8972307692307693 0.056544000000000004 0.13990769230769232
8 0.09656 0.6422769230769231 0.033327999999999997 0.0707076923076923
8 0.6171840000000001 0.5972000000000001 0.028863999999999997 0.08756923076923077
8 0.628416 0.7319384615384615 0.0236 0.06990769230769231
8 0.6352479999999999 0.3481230769230769 0.020176 0.058092307692307686
8 0.1676 0.44369230769230766 0.027839999999999997 0.0644923076923077
8 0.12232 0.6089538461538462 0.031439999999999996 0.06990769230769231
8 0.736336 0.8648307692307692 0.045344 0.09021538461538461
8 0.5708 0.7690461538461538 0.048032 0.08575384615384615
8 0.08819199999999999 0.5422769230769231 0.033839999999999995 0.08526153846153846
8 0.237792 0.5178461538461538 0.049312 0.0727076923076923
8 0.2976 0.7338153846153846 0.0476 0.08150769230769231
8 0.318848 0.9544923076923076 0.05176 0.08673846153846154
8 0.1648 0.6474461538461538 0.023328 0.08452307692307692
8 0.633792 0.8676307692307693 0.07196799999999999 0.1866153846153846
8 0.110832 0.5666769230769231 0.028336 0.07135384615384616
8 0.284416 0.8047384615384616 0.043952 0.08138461538461539
8 0.047936 0.3854461538461538 0.035407999999999995 0.05049230769230769
8 0.40112 0.7479076923076923 0.035616 0.05147692307692308
8 0.289312 0.4772615384615385 0.038031999999999996 0.06080000000000001
8 0.328608 0.773723076923077 0.065728 0.06732307692307692
8 0.029807999999999998 0.9089538461538462 0.044864 0.1359076923076923
8 0.05032 0.5427384615384615 0.038176 0.08356923076923077
8 0.474368 0.939476923076923 0.045344 0.06809230769230769
8 0.982384 0.6704615384615384 0.035232 0.11344615384615384
8 0.484864 0.554 0.04568 0.1507076923076923
8 0.276848 0.5235076923076922 0.036432 0.057969230769230766
8 0.23339200000000002 0.9662461538461538 0.065984 0.06486153846153846
8 0.29688000000000003 0.8840615384615385 0.06488 0.11098461538461539
8 0.578608 0.4474461538461538 0.033392000000000005 0.07301538461538462
8 0.591312 0.49953846153846154 0.022080000000000002 0.06436923076923078
8 0.197024 0.6394461538461538 0.039792 0.1192
8 0.9409120000000001 0.7981538461538461 0.0716 0.09729230769230769
8 0.791008 0.9066153846153846 0.086608 0.0751076923076923
8 0.061104 0.8009538461538461 0.042480000000000004 0.08821538461538463
8 0.849616 0.8343076923076922 0.044336 0.1054153846153846
8 0.791504 0.8422769230769231 0.051936 0.07956923076923077