8 0.42784848484848487 0.3183690987124464 0.7163939393939394 0.21203862660944206
8 0.7612121212121212 0.536137339055794 0.46887878787878784 0.34643776824034334
8 0.3968181818181818 0.8496137339055795 0.7826060606060605 0.29931330472103
8 0.2778787878787879 0.11920600858369099 0.5557575757575758 0.23437768240343348
8 0.8853333333333334 0.16246781115879827 0.19824242424242425 0.11066523605150215
8 0.24375757575757576 0.5078111587982832 0.1796060606060606 0.13476394849785406
8 0.8060303030303031 0.04409871244635193 0.3771515151515151 0.08495708154506439
8 0.08484848484848485 0.28637339055793987 0.16427272727272726 0.22851931330472103
8 0.6936363636363636 0.025321888412017168 0.14393939393939395 0.050622317596566525
8 0.02896969696969697 0.8471673819742489 0.05515151515151515 0.04560085836909871
8 0.14169696969696968 0.9042918454935622 0.2740909090909091 0.1844420600858369
8 0.07542424242424242 0.9360300429184549 0.06357575757575758 0.05890557939914163
8 0.6023030303030302 0.7363304721030043 0.05975757575757575 0.049678111587982826
8 0.45403030303030306 0.5190343347639486 0.0998181818181818 0.06622317596566524
8 0.030121212121212118 0.29491416309012874 0.06021212121212122 0.10126609442060085
8 0.6433030303030303 0.8095708154506438 0.04284848484848485 0.04360515021459228
8 0.5967878787878788 0.7797854077253219 0.040606060606060604 0.04092274678111588
8 0.42887878787878786 0.7944420600858368 0.05842424242424243 0.052703862660944206
8 0.3864848484848485 0.6796781115879829 0.04745454545454546 0.04459227467811159
8 0.024424242424242425 0.975107296137339 0.0443030303030303 0.04886266094420601