0 0.6070921985815603 0.25542553191489364 0.11203900709219858 0.1102482269503546
0 0.7649290780141844 0.1773581560283688 0.11622340425531914 0.09234042553191489
0 0.06886524822695037 0.48012411347517736 0.1054609929078014 0.09312056737588653
0 0.6155141843971631 0.506968085106383 0.05872340425531915 0.1152304964539007
0 0.8175354609929077 0.48521276595744683 0.3649468085106383 0.16996453900709219
0 0.19320921985815603 0.753563829787234 0.11210992907801418 0.11384751773049644
3 0.437854609929078 0.8763829787234042 0.3102304964539007 0.2472163120567376
3 0.7680851063829787 0.7431028368794327 0.21652482269503548 0.31388297872340426
3 0.41312056737588654 0.20946808510638298 0.27831560283687945 0.26390070921985814
2 0.10078014184397163 0.6150354609929078 0.20156028368794326 0.3033156028368794
2 0.22230496453900708 0.23984042553191492 0.33166666666666667 0.4579255319148936
2 0.8298226950354609 0.08787234042553192 0.20718085106382977 0.17574468085106384
1 0.8763829787234042 0.8965602836879433 0.2472163120567376 0.20687943262411349
1 0.19748226950354608 0.7870035460992908 0.3949822695035461 0.42601063829787233
1 0.7086702127659574 0.2255496453900709 0.37586879432624115 0.4510992907801418
1 0.6833687943262412 0.7543262411347518 0.45751773049645394 0.420531914893617
3 0.17304964539007092 0.49416666666666664 0.16297872340425532 0.14574468085106385
3 0.9141489361702129 0.19171985815602835 0.17168439716312056 0.1925354609929078
1 0.1325886524822695 0.14398936170212764 0.2651950354609929 0.2879964539007092
0 0.058049645390070924 0.26978723404255317 0.11611702127659573 0.28897163120567376