0 0.3073936170212766 0.7546261089987325 0.06097517730496454 0.03918884664131812
0 0.30758865248226946 0.8173510773130545 0.06845744680851064 0.03202788339670469
0 0.4348049645390071 0.8422813688212927 0.05189716312056737 0.03287705956907478
0 0.22576241134751773 0.839531051964512 0.05725177304964539 0.05414448669201521
0 0.2390602836879433 0.7431558935361217 0.06216312056737589 0.0317490494296578
0 0.1520035460992908 0.6578326996197719 0.041666666666666664 0.02017743979721166
0 0.20409574468085107 0.611660329531052 0.035159574468085104 0.029188846641318125
0 0.4761524822695036 0.6442585551330798 0.038085106382978726 0.029632446134347273
0 0.5752304964539007 0.5996197718631179 0.03730496453900709 0.027642585551330798
0 0.8415957446808511 0.6521419518377692 0.030390070921985816 0.02708491761723701
0 0.7722695035460992 0.8741064638783269 0.057180851063829786 0.038808618504435996
0 0.45372340425531915 0.7642078580481623 0.036524822695035465 0.03583016476552598
2 0.1473581560283688 0.7538022813688213 0.12691489361702127 0.17831432192648922
2 0.10659574468085106 0.9164385297845374 0.21317375886524823 0.16712294043092524
2 0.26719858156028364 0.912915082382763 0.15530141843971632 0.1741571609632446
2 0.5212765957446809 0.8783269961977186 0.3384397163120567 0.1443852978453739
2 0.8609574468085106 0.8275665399239545 0.11799645390070922 0.1861977186311787
2 0.5927304964539007 0.7439416983523448 0.2574645390070922 0.09242078580481622
2 0.733741134751773 0.6196197718631179 0.20859929078014186 0.09157160963244614
2 0.3150709219858156 0.5699239543726236 0.21418439716312057 0.10621039290240811
2 0.2154255319148936 0.6446894803548796 0.09957446808510638 0.17690747782002536
2 0.3111347517730496 0.670595690747782 0.10287234042553192 0.13860583016476552
2 0.3868617021276596 0.7435994930291508 0.1424822695035461 0.18186311787072246
0 0.32806737588652485 0.926894803548796 0.047180851063829785 0.047249683143219263
3 0.14324468085106384 0.7212040557667934 0.13641843971631204 0.055399239543726234
3 0.3129078014184397 0.6583269961977186 0.09957446808510638 0.06283903675538656
3 0.3931560283687943 0.7327503168567807 0.12023049645390071 0.06722433460076045
3 0.5794503546099291 0.7429531051964513 0.07687943262411348 0.09187579214195184
3 0.46808510638297873 0.8925602027883397 0.10269503546099291 0.1052724968314322
3 0.3123049645390071 0.6601647655259822 0.1023049645390071 0.06565272496831431
3 0.26583333333333337 0.9386565272496832 0.1275177304964539 0.11301647655259822
3 0.15918439716312058 0.9604309252217997 0.1072517730496454 0.0791381495564005
3 0.7511524822695035 0.905487959442332 0.13044326241134752 0.07485424588086186