5 0.48925 0.7263934426229508 0.054031249999999996 0.5374941451990632
5 0.25815625 0.4344730679156909 0.39649999999999996 0.07072599531615925
5 0.72228125 0.4799063231850117 0.046125 0.4485011709601873
5 0.83228125 0.3437236533957846 0.055218750000000004 0.34592505854800937
5 0.58753125 0.37978922716627633 0.13340625 0.07377049180327869
5 0.411125 0.3407494145199063 0.33525 0.05894613583138174
5 0.5269999999999999 0.27243559718969557 0.270125 0.05110070257611241
5 0.608375 0.22070257611241217 0.20631249999999998 0.05302107728337237
5 0.7385625 0.17236533957845432 0.1854375 0.020772833723653395
5 0.17159375 0.34318501170960186 0.16871875 0.05915690866510539
5 0.3369375 0.27728337236533956 0.13999999999999999 0.04454332552693208
5 0.08371875 0.683911007025761 0.12575 0.5716861826697892
5 0.70925 0.9457142857142857 0.07221875 0.08515222482435597