2 0.7663943161634104 0.4045308310991957 0.15502664298401422 0.44115281501340486
2 0.7349733570159859 0.7108310991957104 0.1741563055062167 0.29067024128686325
2 0.8875310834813499 0.8679356568364611 0.22493783303730017 0.24471849865951742
2 0.24902309058614563 0.873485254691689 0.2433570159857904 0.253029490616622
2 0.4263055062166963 0.45670241286863267 0.08719360568383659 0.2832975871313673
2 0.17323268206039077 0.1984182305630027 0.1516696269982238 0.3968364611260054
2 0.046394316163410304 0.3958713136729222 0.09280639431616342 0.297426273458445
2 0.060568383658969806 0.6103753351206433 0.12113676731793961 0.1272922252010724
2 0.2994138543516874 0.6312064343163539 0.10234458259325044 0.21949061662198394
2 0.4475666074600355 0.7752278820375336 0.09698046181172292 0.24865951742627346
2 0.5554706927175844 0.6184182305630026 0.0769449378330373 0.3580160857908847
2 0.6566962699822381 0.780857908847185 0.15397868561278863 0.26249329758713136
2 0.7036412078152753 0.9177479892761394 0.1780284191829485 0.16450402144772117
2 0.9115275310834815 0.36640750670241284 0.1769626998223801 0.2677747989276139
2 0.7947246891651865 0.12142091152815013 0.2580994671403197 0.24281501340482572
2 0.562291296625222 0.0953887399463807 0.0905861456483126 0.13021447721179624
2 0.47017761989342804 0.13517426273458447 0.10575488454706927 0.21900804289544235
2 0.3152220248667851 0.1467024128686327 0.15394316163410302 0.1832439678284182
2 0.27678507992895207 0.19410187667560322 0.1419893428063943 0.13005361930294906
2 0.24829484902309057 0.41798927613941017 0.2011190053285968 0.2594906166219839
2 0.3605328596802842 0.3437533512064343 0.1352753108348135 0.2606970509383378
2 0.28014209591474243 0.5194369973190348 0.176607460035524 0.12654155495978553
2 0.5263587921847247 0.35672922252010725 0.15502664298401422 0.2368096514745308
2 0.5638898756660746 0.8493297587131368 0.15811722912966253 0.20959785522788205
2 0.6788277087033748 0.37959785522788203 0.09852575488454707 0.2086058981233244
2 0.6057015985790408 0.24959785522788203 0.1038898756660746 0.14045576407506702
0 0.6645825932504441 0.57171581769437 0.03788632326820603 0.061179624664879355
0 0.7503374777975134 0.9021447721179625 0.04094138543516874 0.09101876675603218
0 0.49268206039076373 0.7249329758713137 0.04539964476021314 0.07040214477211797
0 0.33296625222024867 0.5152546916890081 0.04387211367673179 0.05694369973190348
0 0.3711722912966252 0.4893833780160858 0.02994671403197158 0.06986595174262734
0 0.387708703374778 0.707372654155496 0.04001776198934281 0.07595174262734584
0 0.04163410301953819 0.6996246648793565 0.024760213143872112 0.07434316353887399
0 0.293214920071048 0.23351206434316352 0.03971580817051509 0.06018766756032171
0 0.6491119005328596 0.2813404825737265 0.03849023090586146 0.048150134048257374
0 0.823854351687389 0.5020107238605898 0.03358792184724689 0.05541554959785523
2 0.8832682060390763 0.676970509383378 0.1391474245115453 0.2123324396782842
2 0.9541563055062168 0.5148793565683646 0.0916696269982238 0.11219839142091154
2 0.9603374777975132 0.6965951742627345 0.07930728241563055 0.13908847184986595
2 0.2311367673179396 0.8278016085790885 0.3141563055062167 0.31176943699731907
2 0.9016341030195382 0.08487935656836461 0.19673179396092363 0.16975871313672922