2 0.07073846153846153 0.4686338797814208 0.14147692307692306 0.3656010928961749
2 0.3696615384615385 0.11054644808743169 0.24812307692307692 0.22109289617486338
2 0.8478461538461539 0.08117486338797815 0.2191846153846154 0.1623497267759563
2 0.6165846153846154 0.6755464480874317 0.23655384615384614 0.3433060109289618
2 0.35367692307692306 0.8356284153005464 0.15303076923076922 0.3287431693989071
0 0.4945538461538461 0.8419945355191257 0.04490769230769231 0.081775956284153
0 0.4804153846153846 0.6147540983606558 0.032461538461538465 0.08281420765027322
0 0.3498153846153846 0.6220765027322405 0.03695384615384616 0.0716120218579235
0 0.030738461538461537 0.6517486338797814 0.0588 0.10724043715846994
0 0.7544923076923077 0.28292349726775956 0.040753846153846154 0.07745901639344263
2 0.6122461538461538 0.18855191256830603 0.11969230769230768 0.19978142076502733
0 0.7197384615384615 0.052322404371584696 0.033646153846153846 0.06926229508196721
0 0.5174 0.5047540983606558 0.034 0.0778688524590164
2 0.38558461538461536 0.43128415300546447 0.2564461538461538 0.23418032786885243
2 0.11281538461538461 0.7456284153005464 0.22561538461538463 0.2375136612021858
2 0.12723076923076923 0.9291803278688524 0.25446153846153846 0.1416393442622951
2 0.17666153846153845 0.5223770491803279 0.2128615384615385 0.3133606557377049
2 0.07955384615384616 0.1945901639344262 0.1591076923076923 0.3891530054644809
0 0.19095384615384617 0.1453551912568306 0.03793846153846154 0.07065573770491804
2 0.24075384615384618 0.4681147540983607 0.2141846153846154 0.3273224043715847
0 0.46384615384615385 0.9097814207650273 0.03935384615384615 0.07568306010928962
2 0.5876153846153847 0.8658743169398908 0.22615384615384615 0.17844262295081967
2 0.4649846153846154 0.21349726775956285 0.24952307692307693 0.34202185792349726
3 0.8447538461538462 0.6786885245901639 0.25827692307692307 0.29633879781420763