0 0.4985079928952043 0.4807272727272728 0.04378330373001776 0.029090909090909087
0 0.2968206039076377 0.32693506493506497 0.07019538188277087 0.04662337662337662
0 0.7031616341030196 0.36997402597402596 0.08850799289520427 0.08716883116883117
0 0.8246891651865009 0.34199999999999997 0.07662522202486678 0.05290909090909091
0 0.5282948490230907 0.3692207792207792 0.08261101243339254 0.07483116883116883
0 0.20264653641207817 0.37451948051948053 0.04635879218472469 0.0485974025974026
0 0.5729129662522203 0.43348051948051947 0.026589698046181172 0.027792207792207792
0 0.6555239786856127 0.43129870129870135 0.027317939609236237 0.023480519480519477
0 0.6917584369449378 0.43597402597402596 0.03309058614564831 0.026285714285714284
0 0.7307992895204263 0.4292467532467532 0.029662522202486677 0.025844155844155843
0 0.6126998223801066 0.443012987012987 0.03353463587921847 0.02953246753246753
0 0.5897335701598578 0.5307012987012987 0.032060390763765545 0.029350649350649353
0 0.6558259325044405 0.5480259740259741 0.033836589698046184 0.029350649350649353
0 0.24747779751332152 0.43651948051948053 0.03374777975133215 0.03387012987012987
0 0.20836589698046182 0.42514285714285716 0.032575488454706925 0.030623376623376622
0 0.27882770870337475 0.43867532467532466 0.03271758436944938 0.02953246753246753
0 0.3263232682060391 0.43477922077922077 0.031367673179396094 0.030415584415584417
0 0.35550621669626997 0.43727272727272726 0.027513321492007106 0.028883116883116882
0 0.40300177619893424 0.4510389610389611 0.03209591474245115 0.023896103896103894
0 0.37907637655417403 0.3526233766233766 0.036092362344582594 0.03514285714285714
0 0.473392539964476 0.43303896103896106 0.03357015985790408 0.026935064935064933
0 0.5010301953818828 0.41916883116883114 0.029271758436944937 0.028675324675324673
0 0.542380106571936 0.42828571428571427 0.03191829484902309 0.027792207792207792
0 0.7755595026642984 0.44236363636363635 0.030248667850799292 0.023896103896103894
0 0.8040852575488454 0.4427012987012987 0.026802841918294847 0.026727272727272725
2 0.49895204262877446 0.7392987012987012 0.10516873889875666 0.48937662337662335
2 0.3996269982238011 0.649064935064935 0.08071047957371225 0.3762337662337662
2 0.24717584369449377 0.6391428571428571 0.08364120781527531 0.3775844155844156
2 0.32268206039076375 0.6357922077922078 0.07152753108348135 0.37662337662337664
2 0.2025222024866785 0.6267272727272727 0.05614564831261101 0.37007792207792206
2 0.5895914742451155 0.6893506493506493 0.06595026642984014 0.2894805194805195
2 0.6554884547069272 0.696857142857143 0.06357015985790408 0.26984415584415583
2 0.8217939609236234 0.5749090909090909 0.08174067495559503 0.42802597402597403
2 0.780088809946714 0.6368571428571429 0.053605683836589695 0.3595324675324675
2 0.812380106571936 0.6296363636363637 0.04479573712255772 0.34625974025974027
3 0.49975133214920076 0.8567272727272727 0.10728241563055062 0.14135064935064937
3 0.5897868561278864 0.689038961038961 0.065044404973357 0.08685714285714285
3 0.6557015985790409 0.6672987012987014 0.06266429840142096 0.078
3 0.3240142095914742 0.737922077922078 0.07154529307282416 0.09994805194805194
3 0.4001776198934281 0.5705194805194805 0.08442273534635879 0.09605194805194804
3 0.2461811722912966 0.7343636363636364 0.08033747779751331 0.09475324675324674
3 0.19685612788632326 0.6027532467532467 0.04218472468916518 0.08548051948051948