2 0.09452127659574469 0.637517730496454 0.18904255319148938 0.07955082742316784
2 0.4819503546099291 0.4350236406619385 0.22546099290780142 0.05754137115839243
2 0.5717021276595745 0.7330732860520094 0.48008865248226945 0.10984633569739953
2 0.698386524822695 0.8471749408983452 0.38992907801418436 0.11102836879432625
0 0.8313120567375887 0.7583451536643026 0.036010638297872336 0.03695035460992908
0 0.6047872340425532 0.43218676122931443 0.017198581560283685 0.02020094562647754
2 0.805372340425532 0.5102836879432624 0.26001773049645394 0.050165484633569735
2 0.3094858156028369 0.8745862884160757 0.3977482269503546 0.12951536643026004
0 0.5418794326241135 0.5392789598108747 0.14349290780141846 0.06943262411347519
0 0.6656737588652483 0.5120567375886524 0.02650709219858156 0.020555555555555556
0 0.8285815602836879 0.4785106382978723 0.033315602836879434 0.018770685579196218
2 0.7023049645390071 0.4613002364066194 0.23267730496453898 0.061583924349881795
2 0.909627659574468 0.44965721040189127 0.0777127659574468 0.09399527186761229
2 0.836418439716312 0.6845981087470449 0.30345744680851067 0.11195035460992907
2 0.9030851063829787 0.7500945626477542 0.13095744680851062 0.07476359338061465
0 0.49714539007092196 0.8898699763593381 0.05361702127659574 0.04198581560283688