0 0.7453108348134991 0.40239680426098534 0.168898756660746 0.1422103861517976
0 0.39415630550621666 0.519387483355526 0.1322557726465364 0.07069241011984022
0 0.5035168738898756 0.6388548601864181 0.2275310834813499 0.10358189081225035
0 0.6652575488454707 0.5732090545938748 0.04538188277087034 0.02528628495339547
0 0.6355417406749556 0.4792809587217044 0.03355239786856128 0.029853528628495343
2 0.23959147424511543 0.6433954727030626 0.19605683836589696 0.1747003994673768
2 0.11511545293072825 0.7792942743009321 0.227246891651865 0.111491344873502
2 0.8290408525754884 0.8025565912117177 0.17332149200710478 0.10897470039946738
2 0.5782770870337478 0.3466311584553928 0.1027353463587922 0.03604527296937417
0 0.6418117229129662 0.3499334221038615 0.02163410301953819 0.01956058588548602
2 0.9739964476021314 0.43568575233022633 0.05198934280639431 0.05898801597869507
0 0.8415452930728242 0.23973368841544607 0.08866785079928953 0.04965379494007989
0 0.22630550621669626 0.2833155792276964 0.05261101243339254 0.032237017310253
2 0.23722912966252221 0.8478828229027963 0.1321847246891652 0.24587217043941412
2 0.6611722912966252 0.6914114513981359 0.13976909413854352 0.09824234354194408
2 0.5938365896980462 0.5371238348868176 0.1383126110124334 0.07954727030625833
2 0.4127175843694494 0.4681225033288948 0.1238898756660746 0.06635153129161118
2 0.6336056838365898 0.4478162450066578 0.09019538188277088 0.10062583222370172
2 0.9040674955595027 0.41902796271637816 0.0761101243339254 0.0444474034620506
2 0.8959325044404974 0.4750066577896139 0.1375133214920071 0.06209054593874834
0 0.9488454706927176 0.4043275632490013 0.01946714031971581 0.021984021304926767
0 0.8242451154529308 0.4618908122503329 0.027442273534635877 0.028934753661784288
0 0.7477442273534636 0.4617576564580559 0.050213143872113675 0.03143808255659121