0 0.3261347517730496 0.5189627659574468 0.060726950354609927 0.031755319148936166
0 0.19083333333333333 0.31175531914893617 0.046152482269503546 0.0798404255319149
0 0.26843971631205676 0.7747074468085107 0.05895390070921986 0.23627659574468085
0 0.5755141843971631 0.778563829787234 0.06285460992907801 0.2398936170212766
0 0.6351773049645391 0.6215957446808511 0.06640070921985816 0.07542553191489361
0 0.7516489361702128 0.7102659574468085 0.06507092198581561 0.0952659574468085
0 0.7514539007092198 0.8231382978723404 0.06654255319148937 0.12643617021276596
0 0.6794858156028369 0.5563563829787234 0.039237588652482266 0.06207446808510638
0 0.8206737588652483 0.5248670212765957 0.04028368794326241 0.05771276595744681
0 0.6318262411347518 0.44779255319148936 0.05700354609929078 0.05101063829787234
0 0.7306560283687943 0.4481117021276596 0.055372340425531914 0.09401595744680852
0 0.7754255319148936 0.3396276595744681 0.04124113475177305 0.05077127659574468
0 0.5633510638297873 0.36114361702127656 0.04393617021276596 0.040053191489361706
0 0.3618794326241135 0.4187234042553191 0.05702127659574467 0.04938829787234043
0 0.2672340425531915 0.365904255319149 0.05354609929078014 0.05481382978723404
0 0.36517730496453904 0.1752127659574468 0.04072695035460993 0.0450531914893617
0 0.406790780141844 0.4875797872340426 0.06200354609929078 0.0740159574468085
0 0.4304787234042553 0.5931117021276595 0.06092198581560283 0.0386968085106383
0 0.5266666666666667 0.5585904255319148 0.11193262411347518 0.060478723404255315
0 0.4822517730496454 0.7359308510638297 0.12232269503546099 0.0678191489361702
0 0.38214539007092196 0.8400531914893618 0.08689716312056738 0.1258776595744681
0 0.29395390070921984 0.4756914893617022 0.0975531914893617 0.04821808510638297
0 0.2049113475177305 0.45234042553191495 0.0473581560283688 0.05601063829787234
0 0.45702127659574465 0.428563829787234 0.05554964539007092 0.03236702127659574
0 0.8003546099290779 0.6169680851063829 0.04326241134751773 0.08146276595744681
0 0.34992907801418444 0.6180851063829788 0.04583333333333334 0.06736702127659575
0 0.19810283687943264 0.6227393617021276 0.02929078014184397 0.052260638297872336
0 0.46432624113475174 0.2670744680851064 0.060478723404255315 0.043590425531914896
0 0.6372340425531915 0.7715425531914895 0.08104609929078015 0.23343085106382977
0 0.4837234042553191 0.8358244680851064 0.13180851063829788 0.14845744680851064
3 0.3132269503546099 0.8211968085106383 0.054929078014184396 0.16417553191489362
0 0.22063829787234043 0.7771542553191488 0.06179078014184398 0.20393617021276597
2 0.35081560283687946 0.7153457446808511 0.09641843971631206 0.1280851063829787
0 0.813209219858156 0.7672872340425532 0.09115248226950354 0.22492021276595742
0 0.6965602836879433 0.733563829787234 0.06297872340425532 0.2923404255319149