1 0.14269333333333334 0.7733807829181495 0.28536 0.45320284697508895
1 0.17906666666666668 0.371067615658363 0.27282666666666666 0.40633451957295375
1 0.36776 0.521814946619217 0.22666666666666666 0.4733807829181495
1 0.4374133333333333 0.8615302491103203 0.3533866666666667 0.2769395017793594
1 0.6411466666666666 0.7911743772241993 0.2746133333333333 0.4176156583629893
1 0.8781866666666667 0.7904270462633453 0.24359999999999998 0.3281494661921708
1 0.8312533333333334 0.916797153024911 0.22816 0.16640569395017793
1 0.7973866666666666 0.5986476868327402 0.2231466666666667 0.3632740213523132
1 0.92368 0.5108896797153025 0.15264 0.2506049822064057
1 0.8407199999999999 0.26469750889679716 0.3185866666666667 0.3275800711743772
1 0.5730933333333333 0.5006405693950178 0.23258666666666666 0.3347686832740213
1 0.38327999999999995 0.2 0.2608533333333333 0.4
1 0.7704 0.16483985765124556 0.28213333333333335 0.329644128113879