5 0.639946978125 0.16797051875 0.616723765625 0.248943825 0.5339547875 0.29593647343749996 0.5407814359375 0.337555375 0.624993365625 0.4184933 0.78702511875 0.343145840625 1 0.184556159375 0.9998586890625001 0.0027554265625 0.81493211875 0.0011676296875 0.639946978125 0.16797051875
5 0.57260264375 1 0.7647771421875 0.8332581453125 0.7979683265624999 0.785562265625 0.868596615625 0.692713640625 0.9333967124999999 0.55435401875 0.9984057890625 0.43120453437500006 1 0.19028815625 0.7936892296875 0.34165534375 0.6067358921875 0.435008175 0.39848327656250004 0.6448718078125 0.306701659375 0.7536426484375001 0.2615787671875 0.8318472609375 0.23856121562500002 0.8855670437500001 0.2579431953125 1 0.57260264375 1
5 0.8734661609375 0.68846329375 0.8058763593749999 0.7846467390625 1 0.873873059375 0.9995634671875001 0.537896640625 0.9401172140625 0.5467511609375 0.8734661609375 0.68846329375
5 0.6494306484375 0.9992914609374999 0.7496145484375 0.9993887625 0.7674971875 0.9824139140625 0.7961007828125 0.9668986015625001 0.8669844921875001 0.946036075 0.866131990625 0.9165534421875 0.8523028828125 0.8617810234375 0.833216128125 0.824615921875 0.7923325250000001 0.8074331984375 0.718393740625 0.8814670734375 0.577847025 1 0.6494306484375 0.9992914609374999
5 0.2477098546875 0.9346516921875001 0.2393374234375 0.8918165124999999 0.2481377640625 0.8639526375000001 0.242823725 0.8574289500000001 0.2050283671875 0.8413519375 0.163013625 0.8432404890624999 0.12486001718749999 0.8494722687499999 0.1079692015625 0.851343128125 0.088006725 0.87424015625 0.07041599375 0.9093751765625001 0.053362639062499995 0.9512506015625 0.041885375 0.9958991453125 0.247802734375 1 0.256277996875 0.9924139500000001 0.2477098546875 0.9346516921875001
5 0.10361381249999999 0.8533732109375001 0.1689015265625 0.8421790078125 0.1610167125 0.8298481375 0.1367054828125 0.8008343234374999 0.1146532140625 0.763731140625 0.10688118437500001 0.6969949484375 0.11493185312500001 0.6074988328125001 0.08993397656249999 0.5944470390625 0.04453244375 0.5735889375000001 0.00109796875 0.5830759249999999 0.0015988546874999999 0.8929929874999999 0.0699217421875 0.905602496875 0.10361381249999999 0.8533732109375001
5 0.12368575468750001 0.434924140625 0.139040740625 0.0851528875 0.0679911734375 0.0426273078125 0.0018376890625 0.1270504265625 0.002229109375 0.3353793390625 0.12368575468750001 0.434924140625
5 0.11816936874999999 0.7685918390625 0.168208246875 0.8443860046875 0.2107404625 0.8479154265625001 0.250065015625 0.8606178171875 0.305079584375 0.7584414265625 0.3492969015625 0.69651728125 0.4414964765625 0.127311375 0.43381068906250003 0.060619409375 0.387536753125 0.028023098437499998 0.3267901875 0.0032109796874999997 0.160794465625 0.0015347234375 0.14874333906249998 0.03885905 0.1433795421875 0.0887309640625 0.10995284375 0.6969905234375 0.11816936874999999 0.7685918390625
5 0.0477500578125 0.5737393156249999 0.0840692921875 0.586503621875 0.0288490625 0.3610450625 0.0022390609374999997 0.33798438750000004 0.0019770078125 0.5837570421875 0.0477500578125 0.5737393156249999
5 0.414226365625 0.3175464578125 0.461744225 0.3146096921875 0.5348205562499999 0.2973296671875 0.616289221875 0.25075276875 0.6416022265625 0.1611593484375 0.6401891296875 0.0977093234375 0.5921206265625 0.0033923156250000005 0.46604985781249997 0.0032773234375 0.38468070625 0.0215126828125 0.43668000625000003 0.060672484375 0.44317825937500005 0.11408266874999999 0.414226365625 0.3175464578125
5 0.3997006625 0.4225534640625 0.35128054531249997 0.698657934375 0.544135053125 0.495676234375 0.6052398671875 0.43204929375 0.6204024609375 0.4248843 0.600257540625 0.38140338281249997 0.5632516625 0.34664430468749996 0.5375339671875 0.3306159421875 0.48780358437500004 0.321606621875 0.4394299046875 0.33662215624999997 0.41093909218749997 0.3847072453125 0.3997006625 0.4225534640625