9 0.90454 0.4482433333333333 0.17248500000000003 0.24829
9 0.52698 0.5268566666666666 0.197755 0.2531733333333333
9 0.827635 0.7915033333333334 0.30176 0.39648333333333335
9 0.200685 0.5166 0.17331 0.23974666666666666
9 0.5548099999999999 0.8344733333333334 0.34076 0.3256833333333333
9 0.152895 0.7636733333333333 0.293885 0.44311666666666666
9 0.321535 0.5917966666666667 0.199035 0.2609866666666667
9 0.57239 0.39282333333333336 0.1463 0.16858
9 0.396975 0.44189333333333336 0.15619 0.18298333333333336
9 0.115815 0.43310666666666664 0.156465 0.17273000000000002
9 0.688845 0.6030266666666666 0.190245 0.26782333333333336
9 0.7009299999999999 0.4209 0.15728999999999999 0.13549666666666668