9 0.14043687432359309 0.486328125 0.28087374864718617 0.1629638671875
9 0.7061688311688312 0.140380859375 0.2608901515151515 0.09552001953125
9 0.7777665043290043 0.44189453125 0.2812415449134199 0.1365966796875
9 0.42713406385281383 0.8896484375 0.6483022186147186 0.218017578125
9 0.44993743235930733 0.28955078125 0.15680380817099568 0.1329345703125
9 0.8076806006493507 0.6943359375 0.3709838338744589 0.283447265625
9 0.11726570955086581 0.71142578125 0.23195684523809523 0.347412109375
9 0.3952583874458874 0.431884765625 0.3084584686147186 0.1268310546875
9 0.45655776515151514 0.619140625 0.3511228354978355 0.17919921875
9 0.4720052083333333 0.18701171875 0.15140946293290045 0.0863037109375
9 0.2591737689393939 0.352783203125 0.12970948322510822 0.073974609375
9 0.6924377705627706 0.248046875 0.18205915178571427 0.12420654296875
9 0.6429078733766234 0.392578125 0.22742069128787878 0.189208984375
9 0.3516132305194805 0.341796875 0.328319466991342 0.10394287109375
9 0.769920183982684 0.293212890625 0.3126268262987013 0.1600341796875
9 0.3001217532467532 0.12103271484375 0.17887158414502163 0.055816650390625
9 0.9555463254193723 0.10125732421875 0.08890734916125541 0.082275390625
9 0.05805051068722944 0.0850830078125 0.0814055735930736 0.07489013671875
9 0.6615428841991342 0.2822265625 0.10568012716450216 0.06781005859375
9 0.1933382372835498 0.62841796875 0.17911678165584416 0.186279296875
9 0.8170403814935064 0.87646484375 0.365919237012987 0.2440185546875
9 0.5413961038961039 0.5791015625 0.20363653273809523 0.097900390625
9 0.7125439664502164 0.61669921875 0.1710252637987013 0.1307373046875
9 0.5767045454545454 0.073974609375 0.08949709145021645 0.0762939453125
9 0.2876166801948052 0.279541015625 0.23195684523809523 0.0982666015625
9 0.17249644886363635 0.1314697265625 0.12223095914502165 0.11279296875
9 0.34548329274891776 0.20068359375 0.13951738365800867 0.0802001953125
9 0.6693892045454546 0.1756591796875 0.09427844291125541 0.083740234375
9 0.7395156926406926 0.350341796875 0.12946428571428573 0.13134765625
9 0.27290482954545453 0.20068359375 0.13853659361471862 0.06573486328125
9 0.34867086038961037 0.755859375 0.5291362283549783 0.159423828125
9 0.12045327719155845 0.3798828125 0.16207555465367965 0.06878662109375
9 0.5512040043290043 0.204833984375 0.15570041937229437 0.061431884765625
9 0.06669372294372294 0.2626953125 0.1333874458874459 0.07977294921875
9 0.2024105451839827 0.378662109375 0.4031047077922078 0.1177978515625
9 0.35970474837662336 0.1279296875 0.30968445616883117 0.11676025390625
9 0.5703294101731602 0.31005859375 0.1416015625 0.1044921875
9 0.8567201028138528 0.171630859375 0.1586427895021645 0.09619140625
9 0.10096007508116883 0.319580078125 0.18463372564935066 0.1094970703125
9 0.04600518296807359 0.14892578125 0.09201036593614718 0.059326171875
9 0.4984865395021645 0.2420654296875 0.2048625202922078 0.07208251953125
9 0.06957479369588744 0.1982421875 0.08686121820887446 0.061187744140625
9 0.9327313311688312 0.1646728515625 0.12713490936147187 0.0965576171875
9 0.16465012851731603 0.2318115234375 0.08998748647186147 0.06658935546875
9 0.9523471320346321 0.2301025390625 0.08857760078463203 0.164306640625
9 0.36632508116883117 0.48974609375 0.19431902732683984 0.0965576171875