9 0.8216818642350557 0.7590096251266465 0.1060452549814252 0.23534447821681864
9 0.7753900709219858 0.6016843971631205 0.08978216818642351 0.1324772036474164
9 0.9447028031070583 0.6243895643363729 0.11059608240459305 0.1769706180344478
9 0.9091793313069909 0.14712512664640326 0.08898851739277272 0.11480749746707193
9 0.8828132387706856 0.27557497467071934 0.06854272205336036 0.15289260385005066
9 0.8154289091523135 0.08930851063829787 0.10687267814927388 0.17852836879432626
9 0.8120111448834852 0.6914057750759879 0.09600810536980749 0.09539766970618034
9 0.9096673421141507 0.06779381965552178 0.0800776764606552 0.10372847011144883
9 0.7343752110773388 0.3129280648429585 0.15148936170212765 0.20983789260385005
9 0.9815974332995611 0.12423758865248227 0.03680344478216818 0.13705420466058765
9 0.8593752110773388 0.46545339412360687 0.05175785207700101 0.1156306990881459
9 0.5698243836541709 0.7031256332320163 0.07641675109760217 0.11608915906788247
9 0.6777338736913205 0.2504888551165147 0.03738432961837217 0.09658814589665653
9 0.4597163120567376 0.5148936170212766 0.06549138804457953 0.14739868287740626
9 0.9653326578858493 0.2554331306990882 0.06933637284701115 0.17852836879432626
9 0.8779297534616685 0.6203622087132725 0.03594900371496116 0.10281408308004053
9 0.9609371833839919 0.4628900709219858 0.07543904086457277 0.10977203647416413
9 0.6967781155015197 0.45520010131712263 0.06347686592367444 0.14456180344478217
9 0.6386710570753124 0.31402482269503545 0.07519587977034786 0.21185410334346505
9 0.2702634245187437 0.8591312056737589 0.1463627152988855 0.17212006079027356
9 0.625 0.5159903748733536 0.09484802431610943 0.12405521783181357
9 0.3979500168861871 0.4852304964539007 0.08465552178318135 0.14922998986828773
9 0.46313407632556564 0.37573201621073965 0.07739277271192165 0.16744934143870316
9 0.1833502195204323 0.6976317122593718 0.14062478892266125 0.12030141843971631
9 0.897950016886187 0.5731205673758865 0.058441404930766626 0.08189463019250254
9 0.1461178655859507 0.8605952380952381 0.11261060452549815 0.11691236068895643
9 0.5493161094224924 0.5584726443768997 0.07501182033096927 0.09695542046605876
9 0.11376899696048633 0.7617198581560284 0.07611111111111112 0.08784447821681864
9 0.1687014522120905 0.7814944275582574 0.05261229314420804 0.07182370820668693
9 0.09124788922661263 0.69653242147923 0.03634582911178656 0.07924012158054711
9 0.7705082742316784 0.8005369807497467 0.024658899020601147 0.07997213779128673
9 0.38110435663627157 0.3369148936170213 0.06512495778453226 0.1904305977710233
9 0.5703123944613306 0.4947517730496454 0.04654002026342452 0.08024569402228977
9 0.6406247889226613 0.1175531914893617 0.04913373860182371 0.2341919959473151
9 0.6396487673083417 0.7836904761904763 0.07543904086457277 0.05900455927051671
9 0.37597602161431953 0.17395136778115503 0.09948665991219183 0.21221884498480245
9 0.1420905099628504 0.381225937183384 0.0696403242147923 0.15289260385005066
9 0.09967071935157042 0.6101063829787233 0.03561465721040189 0.06468085106382979
9 0.7055656872678149 0.24060030395136778 0.03494258696386356 0.06957953394123606
9 0.7900388382303275 0.7756357649442756 0.015839243498817965 0.17449848024316109
9 0.301757852077001 0.5343009118541033 0.10913036136440392 0.10839918946301924
9 0.9663086795001687 0.05094984802431611 0.06335528537656197 0.0546580547112462
9 0.5917966903073286 0.07864488348530901 0.033539344815940564 0.14739868287740626
9 0.6391607565011821 0.6412360688956433 0.060211077338736915 0.10391337386018237
9 0.5908206686930091 0.3841565349544073 0.06488010807159744 0.14428824721377911
9 0.6118169537318473 0.8305673758865249 0.09466565349544073 0.07777355623100304
9 0.7705082742316784 0.23712259371833838 0.07861364403917595 0.08981256332320162
9 0.21911685241472473 0.38708459979736576 0.05911178655859507 0.14199848024316108
9 0.7978520770010132 0.01930597771023303 0.056762917933130694 0.03671225937183384
9 0.48608409321175283 0.16827507598784194 0.0800776764606552 0.16946301925025328
9 0.2973640661938534 0.40942502532928066 0.11242654508611954 0.1539918946301925
9 0.38842789598108746 0.031266464032421476 0.0903934481594056 0.058913373860182375
9 0.852049983113813 0.9719250253292806 0.04394461330631544 0.05607649442755826
9 0.21911685241472473 0.5079356636271529 0.053009118541033434 0.10208206686930091
9 0.22656197230665318 0.13833586626139818 0.09124788922661263 0.26330547112462005
9 0.5102532928064842 0.5163576494427559 0.06854272205336036 0.07493667679837893
9 0.5263677811550153 0.29992654508611954 0.07196048632218845 0.11672998986828774
9 0.12347348868625466 0.9550785207700102 0.034088145896656534 0.041061296859169205
9 0.07519587977034786 0.607178318135765 0.02272036474164134 0.05506838905775076
9 0.1680901722391084 0.24334599797365755 0.05835021952043229 0.12579280648429583
9 0.19873015873015876 0.5925303951367781 0.046997635933806146 0.07072441742654509
9 0.056121242823370485 0.40795845997973657 0.09075987841945289 0.07260131712259371
9 0.12023978385680513 0.09315602836879432 0.13964876730834178 0.17944275582573457
9 0.09655690645052346 0.5577380952380951 0.03265450861195542 0.039620060790273554
9 0.49218676122931443 0.629516210739615 0.057281323877068566 0.05662613981762918