9 0.48592292089249495 0.5028947368421053 0.091947261663286 0.14615131578947368
9 0.33691683569979713 0.42720394736842104 0.12683569979716025 0.15085526315789474
9 0.20093306288032456 0.5911184210526316 0.13756592292089248 0.15875
9 0.6220689655172414 0.7114802631578947 0.12768762677484788 0.2043092105263158
9 0.5888640973630832 0.4569078947368421 0.10174442190669371 0.1417434210526316
9 0.7544016227180528 0.5685526315789474 0.12212981744421907 0.14799342105263158
9 0.39576064908722114 0.5364802631578948 0.11395537525354969 0.17421052631578948
9 0.7026369168356997 0.6948355263157895 0.12 0.1851973684210526
9 0.6401419878296145 0.562203947368421 0.1153549695740365 0.1511513157894737
9 0.5224543610547667 0.12391447368421053 0.09223123732251522 0.23736842105263156
9 0.36058823529411765 0.7158223684210526 0.15381338742393508 0.274375
9 0.25097363083164304 0.45016447368421053 0.10742393509127789 0.14154605263157896
9 0.36083164300202836 0.2912171052631579 0.11578093306288031 0.1573684210526316
9 0.5468762677484788 0.5816118421052632 0.08959432048681541 0.14799342105263158
9 0.4511764705882353 0.09822368421052631 0.08801217038539554 0.19641447368421053
9 0.17407707910750506 0.14095394736842107 0.16724137931034483 0.2393421052631579
9 0.1551521298174442 0.4517434210526316 0.1304868154158215 0.13223684210526318
9 0.9178498985801217 0.3276315789473684 0.1643002028397566 0.16855263157894737
9 0.30957403651115617 0.5530921052631579 0.11316430020283975 0.1556907894736842
9 0.5869168356997972 0.19101973684210527 0.09894523326572008 0.2444736842105263
9 0.08038539553752536 0.7950328947368421 0.15503042596348887 0.2535855263157895
9 0.9323732251521298 0.6029934210526315 0.13525354969574038 0.16855263157894737
9 0.244868154158215 0.7447368421052631 0.17210953346855984 0.24644736842105264
9 0.3044421906693712 0.18549342105263159 0.11657200811359027 0.15460526315789475
9 0.6777281947261663 0.44263157894736843 0.09204868154158216 0.13055921052631578
9 0.5737322515212983 0.07536184210526316 0.08093306288032454 0.14657894736842106
9 0.7426774847870182 0.08674342105263158 0.1254969574036511 0.16825657894736842
9 0.8862271805273834 0.7079276315789474 0.14929006085192698 0.18164473684210525
9 0.5190466531440162 0.3674342105263158 0.09515212981744421 0.16973684210526316
9 0.5429614604462475 0.9320065789473684 0.0826977687626775 0.1319407894736842
9 0.6889655172413793 0.8979605263157895 0.10523326572008114 0.1893421052631579
9 0.9125963488843813 0.4881907894736842 0.17162271805273835 0.14480263157894738
9 0.06527383367139959 0.6445723684210526 0.13054766734279918 0.12371710526315789
9 0.06805273833671399 0.1254934210526316 0.13208924949290063 0.210625
9 0.9574036511156186 0.1524342105263158 0.08517241379310345 0.16105263157894736
9 0.6469776876267748 0.12036184210526317 0.10742393509127789 0.1750986842105263
9 0.16515212981744423 0.7186184210526316 0.1304868154158215 0.15085526315789474
9 0.41210953346855983 0.39631578947368423 0.13732251521298175 0.13342105263157897
9 0.1254969574036511 0.5740789473684211 0.08929006085192698 0.10779605263157896
9 0.05823529411764706 0.5697368421052631 0.1054158215010142 0.09444078947368421
9 0.9423732251521297 0.8678618421052631 0.11474645030425963 0.17154605263157893
9 0.08227180527383368 0.35891447368421053 0.1436713995943205 0.10779605263157896
9 0.6425760649087221 0.9185526315789474 0.07476673427991887 0.14957236842105262
9 0.1886004056795132 0.3688157894736842 0.12024340770791075 0.10233552631578947
9 0.78026369168357 0.875 0.1659026369168357 0.22190789473684208
9 0.7539148073022313 0.46601973684210524 0.08758620689655172 0.09101973684210526
9 0.787606490872211 0.33615131578947366 0.14685598377281947 0.12986842105263158