9 0.41139848692054815 0.3508791985209069 0.47796938763419944 0.2174468401465038
9 0.53271484375 0.5309352938122923 0.50732421875 0.2029465583471761
9 0.74853515625 0.2421810112126246 0.304443359375 0.2674434826619601
9 0.337890625 0.697187759551495 0.38134765625 0.31472240967607973
9 0.85498046875 0.42113527823920266 0.28076171875 0.2387938642026578
9 0.62255859375 0.6672679609634552 0.364990234375 0.23046712780315615
9 0.544921875 0.16526454786129569 0.14013671875 0.2975044123754153
9 0.27685546875 0.3237548017026578 0.10992431640625 0.3164159831810631
9 0.22119140625 0.43722422653654486 0.1265869140625 0.26899592504152825
9 0.68603515625 0.45839389534883723 0.12890625 0.21607175301079734
9 0.0938720703125 0.5659358129152824 0.1827392578125 0.25742317275747506
9 0.10302734375 0.44117589804817275 0.1287841796875 0.21028537686877077
9 0.286376953125 0.5687584354235881 0.49365234375 0.20661596760797343
9 0.34912109375 0.4296031457641196 0.07806396484375 0.0954046407807309