9 0.26273684210526316 0.4629333333333333 0.343 0.27697777777777777
9 0.5342631578947369 0.3108 0.3278421052631579 0.2644
9 0.16421052631578947 0.2191111111111111 0.32352631578947366 0.2697777777777778
9 0.6372105263157894 0.10266666666666667 0.26973684210526316 0.19959999999999997
9 0.3096315789473684 0.7622222222222222 0.4203684210526316 0.33959999999999996
9 0.37673684210526315 0.12902222222222223 0.29447368421052633 0.2575555555555556
9 0.6742105263157895 0.8183555555555555 0.2581578947368421 0.27564444444444447
9 0.8222631578947368 0.6137777777777778 0.3391052631578948 0.3347111111111111
9 0.8314736842105263 0.20786666666666667 0.3217894736842105 0.37208888888888886
9 0.09421052631578947 0.45484444444444444 0.18842105263157893 0.2897777777777778
9 0.5469473684210526 0.5627111111111112 0.23068421052631577 0.19879999999999998