9 0.3447265625 0.6707269337551653 0.388671875 0.24478981711647727
9 0.83544921875 0.4779567245609504 0.322998046875 0.17646978709323347
9 0.4921875 0.42040914740444213 0.2666015625 0.5258657912577479
9 0.11517333984375 0.3396157509039256 0.2237548828125 0.28291863055268596
9 0.29248046875 0.28490302976497933 0.2313232421875 0.5698060595299587
9 0.73828125 0.26307463842975204 0.2088623046875 0.2574049263946281
9 0.6708984375 0.6542847688533058 0.1885986328125 0.11984353814243286
9 0.24365234375 0.7841211744576446 0.135009765625 0.11346511210291839
9 0.1441650390625 0.5068722559400827 0.10052490234375 0.22848939501549587
9 0.72607421875 0.5975876485020661 0.21533203125 0.12714329238765495
9 0.47216796875 0.29425805462293386 0.22509765625 0.10822062847042872