9 0.5791013071895426 0.4777560975609756 0.16942810457516339 0.31758536585365854
9 0.8891666666666665 0.6734634146341464 0.13256535947712417 0.14614634146341463
9 0.09302287581699346 0.6351951219512195 0.12187908496732026 0.1864146341463415
9 0.8002941176470588 0.6056829268292683 0.048316993464052285 0.10804878048780488
9 0.4704575163398693 0.6151463414634146 0.07575163398692811 0.0851951219512195
9 0.4181699346405229 0.46826829268292686 0.16163398692810457 0.26409756097560977
9 0.8725653594771242 0.4405853658536585 0.11596405228758169 0.09170731707317073
9 0.8593790849673204 0.5604878048780488 0.07196078431372549 0.10997560975609758
9 0.26562091503267976 0.44021951219512195 0.09704248366013073 0.07319512195121952
9 0.7026307189542483 0.36934146341463414 0.06792483660130719 0.11926829268292682
9 0.851078431372549 0.7565365853658537 0.0861764705882353 0.10231707317073171
9 0.5019607843137255 0.9169024390243903 0.148562091503268 0.14358536585365853
9 0.9453104575163398 0.552829268292683 0.09844771241830065 0.06819512195121952
9 0.027483660130718953 0.6468536585365853 0.05370915032679738 0.12609756097560976
9 0.7753921568627451 0.31121951219512195 0.09485294117647058 0.06017073170731708
9 0.20813725490196078 0.8126585365853658 0.11455882352941177 0.12453658536585366
9 0.9631045751633986 0.8819024390243903 0.07379084967320261 0.11634146341463415
9 0.024934640522875817 0.48904878048780487 0.04988562091503268 0.08709756097560976
9 0.31517973856209147 0.3165121951219512 0.115359477124183 0.13665853658536586
9 0.7690359477124182 0.5138292682926829 0.06841503267973856 0.05863414634146341
9 0.908202614379085 0.2991951219512195 0.09893790849673202 0.06063414634146341
9 0.4545915032679738 0.7230243902439024 0.09008169934640524 0.07726829268292683
9 0.7680718954248366 0.8192195121951219 0.1227450980392157 0.11860975609756098
9 0.317140522875817 0.8454634146341463 0.11517973856209149 0.1532439024390244
9 0.18848039215686274 0.7193658536585366 0.07642156862745099 0.08226829268292682
9 0.8139705882352941 0.7277560975609756 0.05529411764705883 0.06846341463414635
9 0.6416013071895426 0.10860975609756097 0.10991830065359476 0.1144390243902439
9 0.07044117647058823 0.9394878048780487 0.10393790849673203 0.1158780487804878
9 0.040522875816993466 0.6027560975609756 0.0621078431372549 0.07107317073170732
9 0.41431372549019607 0.2343170731707317 0.07825163398692811 0.07680487804878049
9 0.3059150326797386 0.5601219512195122 0.052026143790849674 0.09302439024390244
9 0.7338888888888888 0.6213414634146341 0.06792483660130719 0.06531707317073171
9 0.9013725490196078 0.8651463414634146 0.05866013071895425 0.07839024390243902
9 0.12573529411764706 0.5357073170731707 0.09949346405228758 0.06495121951219512
9 0.19823529411764704 0.9205365853658537 0.1363562091503268 0.14878048780487804
9 0.898921568627451 0.9154390243902438 0.09655228758169936 0.06782926829268292
9 0.6870098039215686 0.8622195121951219 0.11841503267973856 0.1548780487804878
9 0.11243464052287581 0.7886097560975609 0.12696078431372548 0.0945609756097561
9 0.04715686274509804 0.1600731707317073 0.0877124183006536 0.08043902439024389