9 0.58075 0.6946233333333333 0.2865 0.09475166666666666
9 0.9133300000000001 0.6860350000000001 0.164245 0.10558999999999999
9 0.479005 0.77832 0.15453999999999998 0.11718833333333334
9 0.677125 0.6396483333333333 0.2210075 0.05911333333333334
9 0.6789550000000001 0.5947266666666667 0.210205 0.061889999999999994
9 0.6540525 0.5102533333333333 0.20105 0.050995000000000006
9 0.5452875 0.5585933333333333 0.155365 0.048675
9 0.4123525 0.5048833333333334 0.2113025 0.05792166666666666
9 0.8173825 0.8842766666666666 0.2843625 0.09655833333333334
9 0.9133300000000001 0.5844733333333334 0.1636975 0.09155333333333335
9 0.50061 0.45239333333333337 0.19812000000000002 0.07946833333333334
9 0.1398 0.4895016666666667 0.216615 0.06131
9 0.6643075 0.38647499999999996 0.253785 0.06585666666666666
9 0.8781749999999999 0.6542966666666667 0.08143500000000001 0.045531666666666665
9 0.917725 0.4863283333333333 0.0859225 0.06756666666666666
9 0.0541075 0.42456000000000005 0.1068425 0.039336666666666666
9 0.7203375 0.46313499999999996 0.07576000000000001 0.05697666666666667
9 0.5332025 0.40356499999999995 0.11544750000000001 0.03891
9 0.8706050000000001 0.4045416666666667 0.25879 0.053893333333333335
9 0.8034675 0.359375 0.16717500000000002 0.04257166666666667
9 0.2336425 0.34033166666666664 0.101165 0.050048333333333334
9 0.56836 0.518555 0.1377875 0.05645833333333333
9 0.5090325 0.17358333333333334 0.1625975 0.05676333333333333
9 0.1395275 0.34301833333333337 0.103545 0.046540000000000005
9 0.4742425 0.4187016666666667 0.083725 0.030105
9 0.1101375 0.37231499999999995 0.0929725 0.036895000000000004
9 0.8342275 0.5517583333333334 0.037262500000000004 0.04361
9 0.3438725 0.45947333333333334 0.0584575 0.04351833333333333
9 0.277955 0.3986816666666667 0.12268000000000001 0.05813666666666666