9 0.30835146443514644 0.45052631578947366 0.11535564853556485 0.7253684210526316
9 0.11676150627615063 0.4142736842105263 0.11242677824267781 0.6338526315789473
9 0.6831046025104602 0.44101052631578946 0.24731380753138077 0.2866736842105263
9 0.6064435146443515 0.8813894736842106 0.2717322175732218 0.22541052631578945
9 0.20434309623430963 0.6762315789473684 0.11242677824267781 0.4330105263157895
9 0.8696317991631799 0.4204210526315789 0.1248786610878661 0.4330105263157895
9 0.45752301255230127 0.3642315789473684 0.21728870292887031 0.6092842105263159
9 0.6791966527196652 0.20513684210526315 0.19494560669456068 0.2619578947368421
9 0.07354811715481172 0.15509473684210526 0.10192468619246861 0.29528421052631576
9 0.03478661087866109 0.39277894736842106 0.069581589958159 0.36023157894736846
9 0.8911129707112971 0.8205894736842104 0.16503765690376568 0.3467157894736842
9 0.9580083682008368 0.3412 0.08343096234309624 0.37313684210526316
9 0.22375732217573222 0.3470315789473684 0.1017489539748954 0.3338315789473684
9 0.7973640167364017 0.7155578947368421 0.1510041841004184 0.2817684210526316
9 0.9272468619246862 0.10709473684210526 0.139163179916318 0.20359999999999998
9 0.173581589958159 0.1323578947368421 0.08496234309623431 0.2582736842105263
9 0.7358410041841005 0.10625263157894736 0.18688702928870293 0.20728421052631577