0 0.3706333333333333 0.6318 0.11570833333333333 0.16693750000000002
0 0.6227750000000001 0.369075 0.110025 0.1640125
0 0.23426666666666668 0.52165 0.37485 0.483925
0 0.071275 0.1856 0.085775 0.115725
0 0.7544666666666667 0.255125 0.08125 0.1067125
2 0.5257499999999999 0.8939625 0.223175 0.21208749999999998
2 0.7824583333333334 0.8189624999999999 0.31371666666666664 0.3620875
2 0.255075 0.8647875 0.31793333333333335 0.2704125
2 0.4713083333333334 0.6216125 0.28095 0.38405
2 0.7335416666666666 0.5749875 0.25575833333333337 0.2650875
2 0.576825 0.3607375 0.22859166666666667 0.2777625
2 0.8582916666666667 0.5271374999999999 0.2540833333333333 0.5041875
0 0.29940833333333333 0.10778750000000001 0.123025 0.20559999999999998