2 0.09187142857142858 0.5744274809160306 0.16895714285714286 0.851145038167939
2 0.24602857142857143 0.7196692111959287 0.14752857142857143 0.5585241730279898
2 0.41291428571428573 0.673562340966921 0.1658142857142857 0.6528753180661577
2 0.5685 0.7658015267175572 0.15554285714285715 0.4683969465648855
2 0.7301 0.6645547073791349 0.17158571428571429 0.6708905852417304
2 0.8956142857142857 0.6248091603053435 0.16217142857142858 0.7504071246819339
0 0.48874285714285715 0.10246819338422393 0.07701428571428572 0.09384223918575064
0 0.8939571428571428 0.1629262086513995 0.0779 0.1765648854961832
0 0.7299142857142857 0.2867684478371501 0.07841428571428571 0.08498727735368956
0 0.6665857142857143 0.26236641221374046 0.06794285714285715 0.07267175572519084
0 0.5687428571428571 0.48908396946564886 0.08462857142857143 0.09096692111959287
0 0.3269285714285714 0.15211195928753182 0.07477142857142857 0.07857506361323155
0 0.4159 0.25198473282442746 0.07417142857142857 0.18506361323155218
0 0.2521 0.392824427480916 0.07991428571428572 0.09351145038167939
0 0.1006857142857143 0.11201017811704836 0.0747 0.07475826972010177