1 0.1508 0.6105333333333334 0.13146666666666665 0.26355555555555554
1 0.2904888888888889 0.6803555555555556 0.12297777777777778 0.25933333333333336
1 0.4274222222222222 0.7443111111111111 0.13017777777777778 0.2602222222222222
1 0.5696 0.7413333333333334 0.12675555555555557 0.2525777777777778
1 0.7027111111111112 0.6833333333333333 0.13475555555555555 0.25680000000000003
1 0.8457777777777779 0.6132444444444444 0.11613333333333332 0.26484444444444444
1 0.21453333333333335 0.30106666666666665 0.13613333333333333 0.26262222222222226
1 0.35080000000000006 0.35671111111111115 0.12084444444444445 0.2596888888888889
1 0.478 0.4100444444444445 0.13057777777777776 0.2647555555555556
1 0.6085777777777778 0.3581777777777778 0.1368888888888889 0.24995555555555557
1 0.7372444444444444 0.29848888888888886 0.12333333333333334 0.2575555555555556