4 0.6114052287581699 0.27419117647058827 0.1728104575163399 0.2207598039215686
4 0.3834477124183006 0.2580392156862745 0.2212418300653595 0.23779411764705882
4 0.32374183006535945 0.39776960784313725 0.14040849673202616 0.23509803921568628
4 0.4518300653594771 0.4643382352941176 0.15508169934640523 0.28274509803921566
4 0.6966013071895425 0.6335049019607844 0.1984967320261438 0.2082107843137255
4 0.3743300653594771 0.6704901960784314 0.17251633986928105 0.29848039215686273
4 0.569297385620915 0.7811274509803922 0.2295588235294118 0.30259803921568623
4 0.7198039215686274 0.7527696078431373 0.14709150326797385 0.26794117647058824
4 0.724313725490196 0.40125 0.17356209150326798 0.20526960784313725
4 0.7220588235294118 0.11916666666666666 0.18678104575163398 0.18031862745098037
4 0.8409967320261439 0.49480392156862746 0.09919934640522876 0.22083333333333333
4 0.5706045751633987 0.39590686274509806 0.16380718954248366 0.17306372549019608
4 0.56 0.5383578431372549 0.08965686274509803 0.18321078431372548
4 0.8135457516339869 0.7005882352941176 0.0994281045751634 0.20477941176470588
4 0.7586437908496733 0.29713235294117646 0.12434640522875816 0.1831862745098039
2 0.38029411764705884 0.14487745098039215 0.10658496732026145 0.14120098039215687