2 0.8741538461538462 0.7312009237875289 0.13916923076923077 0.5375750577367205
2 0.7228461538461539 0.691270207852194 0.13883076923076923 0.6174595842956121
2 0.6646615384615384 0.8319399538106236 0.11198461538461539 0.33612009237875284
2 0.5804769230769231 0.743810623556582 0.09466153846153846 0.3530484988452656
2 0.13396923076923076 0.8688221709006928 0.11956923076923076 0.2623556581986143
0 0.10304615384615386 0.5844572748267898 0.08073846153846154 0.07702078521939953
0 0.29181538461538464 0.27443418013856813 0.15513846153846153 0.09593533487297921
0 0.34386153846153844 0.5455658198614318 0.057784615384615386 0.05734411085450346
0 0.22960000000000003 0.6436258660508083 0.055846153846153844 0.039307159353348727
0 0.13058461538461538 0.7007390300230947 0.07039999999999999 0.06956120092378754
0 0.3560307692307692 0.6562355658198614 0.06253846153846154 0.06450346420323326
0 0.46873846153846155 0.5976443418013856 0.058600000000000006 0.09431870669745959
0 0.5836923076923076 0.544526558891455 0.059138461538461536 0.04263279445727483
0 0.6636923076923077 0.6314549653579677 0.07367692307692308 0.07374133949191686
0 0.7199076923076924 0.35448036951501155 0.05744615384615385 0.053071593533487296
0 0.8829692307692307 0.43616628175519634 0.06469230769230769 0.0510161662817552
0 0.5140461538461538 0.8727251732101616 0.16040000000000001 0.1489838337182448