10 0.5032598039215687 0.46367647058823525 0.20044117647058823 0.21491830065359477
10 0.498046875 0.468505859375 0.20635986328125 0.2130126953125
10 0.6976318359375 0.50537109375 0.21881103515625 0.183349609375
10 0.33306884765625 0.4228515625 0.21771240234375 0.1263427734375
10 0.3717041015625 0.66259765625 0.2548828125 0.2027587890625
10 0.092376708984375 0.171630859375 0.18475341796875 0.173583984375
10 0.532470703125 0.73583984375 0.201416015625 0.1427001953125
10 0.2611083984375 0.291748046875 0.23565673828125 0.1468505859375
10 0.183929443359375 0.75439453125 0.26751708984375 0.1485595703125
10 0.93310546875 0.7109375 0.1318359375 0.140380859375
10 0.706787109375 0.70556640625 0.179443359375 0.116943359375
10 0.460693359375 0.34912109375 0.16168212890625 0.0982666015625
10 0.882568359375 0.468994140625 0.21405029296875 0.161865234375
10 0.841552734375 0.7265625 0.170928955078125 0.12127685546875
10 0.5233154296875 0.609375 0.162322998046875 0.1331787109375
10 0.740478515625 0.86962890625 0.3797607421875 0.2421875
10 0.47314453125 0.9296875 0.23309326171875 0.1368408203125
10 0.6939697265625 0.6181640625 0.16571044921875 0.09979248046875
10 0.1776123046875 0.50830078125 0.174224853515625 0.1175537109375
10 0.4757080078125 0.0535888671875 0.3109130859375 0.1063232421875
10 0.86279296875 0.17529296875 0.20013427734375 0.165283203125
10 0.0503082275390625 0.51318359375 0.099884033203125 0.12274169921875
10 0.9111328125 0.281494140625 0.16314697265625 0.08135986328125
10 0.7401123046875 0.10284423828125 0.171295166015625 0.07806396484375
10 0.6668701171875 0.047882080078125 0.180633544921875 0.0938720703125
10 0.94921875 0.9263916015625 0.095947265625 0.147216796875
10 0.806396484375 0.62646484375 0.1739501953125 0.093505859375
10 0.5328369140625 0.82080078125 0.17633056640625 0.0970458984375
10 0.14630126953125 0.411865234375 0.21771240234375 0.126953125
10 0.28143310546875 0.116943359375 0.135406494140625 0.07611083984375
10 0.32135009765625 0.84228515625 0.2069091796875 0.1248779296875
10 0.1351318359375 0.62353515625 0.26678466796875 0.15234375
10 0.183013916015625 0.0506591796875 0.17486572265625 0.101318359375
10 0.91845703125 0.53857421875 0.14996337890625 0.10247802734375
10 0.32867431640625 0.046539306640625 0.16424560546875 0.08270263671875
10 0.6005859375 0.26806640625 0.3841552734375 0.10467529296875
10 0.19757080078125 0.943359375 0.20050048828125 0.09967041015625
10 0.380126953125 0.52587890625 0.0955810546875 0.0794677734375
10 0.0816192626953125 0.338134765625 0.154541015625 0.1895751953125
10 0.109771728515625 0.298095703125 0.10894775390625 0.078369140625
10 0.06644439697265625 0.8115234375 0.1328887939453125 0.10858154296875
10 0.235107421875 0.64453125 0.109771728515625 0.08648681640625
10 0.954345703125 0.195556640625 0.0904541015625 0.137939453125
10 0.73828125 0.3916015625 0.185394287109375 0.08062744140625
10 0.5621337890625 0.88037109375 0.27447509765625 0.2120361328125
10 0.5174560546875 0.1827392578125 0.5130615234375 0.2005615234375