10 0.1736138613861386 0.22116161616161617 0.24917491749174916 0.405530303030303
10 0.40698019801980195 0.38707070707070707 0.22265676567656767 0.32952020202020205
10 0.104009900990099 0.7647727272727274 0.208003300330033 0.4259090909090909
10 0.3977062706270627 0.09984848484848485 0.2421947194719472 0.19876262626262625
10 0.39087458745874587 0.7322727272727273 0.3999009900990099 0.5196969696969698
10 0.6743234323432343 0.1145959595959596 0.150016501650165 0.22808080808080805
10 0.8907755775577557 0.25686868686868686 0.21844884488448843 0.5043686868686869
10 0.8730528052805281 0.6631565656565657 0.24805280528052803 0.6560606060606061
10 0.3376402640264027 0.5910606060606061 0.24694719471947196 0.2338888888888889
10 0.9277062706270628 0.07702020202020202 0.1445874587458746 0.15383838383838383
10 0.22338283828382838 0.09401515151515151 0.1505115511551155 0.15083333333333332
10 0.6547854785478548 0.6041161616161616 0.24364686468646865 0.7643939393939394