0 0.4030673316708229 0.1897591743119266 0.3532668329177058 0.23182339449541284
0 0.21773067331670823 0.42074541284403666 0.045760598503740646 0.07452981651376146
0 0.07581047381546135 0.1848623853211009 0.1516209476309227 0.3697247706422018
0 0.05170407315045719 0.5991857798165138 0.10340814630091438 0.42182339449541284
0 0.1577223607647548 0.8437155963302753 0.15072319201995013 0.3125573394495413
0 0.6013965087281795 0.715756880733945 0.18799667497921863 0.196651376146789
0 0.5629925187032419 0.835045871559633 0.24086450540315876 0.17833715596330274
0 0.6968246051537822 0.45905963302752295 0.05300083125519534 0.0823394495412844
0 0.7443640897755611 0.8451261467889909 0.061637572734829595 0.08841743119266054
0 0.2654364089775561 0.8359518348623853 0.06470490440565253 0.08841743119266054
0 0.8497506234413965 0.9050458715596331 0.2657522859517872 0.18990825688073393
3 0.29286783042394016 0.46455275229357795 0.06995012468827931 0.10850917431192661
3 0.1715045719035744 0.23311926605504588 0.15947630922693265 0.24055045871559633
2 0.763474646716542 0.11038990825688073 0.3026766417290108 0.15564220183486238
2 0.8526184538653367 0.6515366972477064 0.2947630922693267 0.38014908256880736
2 0.41653366583541146 0.5102178899082569 0.27048212801330007 0.2076032110091743
3 0.48587697423108894 0.5780733944954128 0.24586034912718202 0.40897935779816513
3 0.7684621778886118 0.35309633027522935 0.3325935162094763 0.26490825688073394
3 0.3477306733167082 0.8962614678899082 0.1397838736492103 0.19004587155963304