11 0.5159212880143113 0.5922872340425531 0.423613595706619 0.46045212765957444
11 0.8225939177101967 0.7811968085106383 0.3547942754919499 0.43757978723404256
11 0.6347048300536673 0.9061968085106383 0.23184257602862254 0.18757978723404256
11 0.22540250447227192 0.8228723404255318 0.38640429338103754 0.35425531914893615
11 0.1700715563506261 0.4863031914893617 0.3329695885509839 0.3406914893617021
11 0.8923613595706619 0.4214095744680851 0.2152593917710197 0.47332446808510636
11 0.2727549194991055 0.16742021276595745 0.2592665474060823 0.28095744680851065
11 0.4504472271914133 0.3409574468085106 0.24735241502683364 0.276968085106383
11 0.7166368515205724 0.33917553191489364 0.2549731663685152 0.40813829787234046
11 0.07382826475849733 0.32430851063829785 0.1476386404293381 0.20819148936170212
11 0.08645796064400715 0.12252659574468085 0.17293381037567085 0.24502659574468083