11 0.6394304356987609 0.5199839061505624 0.13537784839642666 0.22034298992399828
11 0.36319825422071805 0.69868822900191 0.16560789946005608 0.19174874962380775
11 0.605914580730593 0.2523971862544323 0.07272729946775738 0.13249999746218546
11 0.7357064755827286 0.31821120105999634 0.12858710231551204 0.15951042245570898
11 0.5706462212486308 0.8852813859694619 0.3044906900328587 0.2294372280610762
11 0.11237678653178051 0.8113789488583147 0.18532312399455772 0.26922254142896945
11 0.7431640625 0.34395974779885913 0.1422119140625 0.1963043212890625
11 0.366943359375 0.7064141167534722 0.1650390625 0.20806448800223215
11 0.63623046875 0.5174473353794643 0.1312255859375 0.20042540535094247
11 0.609375 0.25309486994667657 0.07586669921875 0.13187468998015872
11 0.1134033203125 0.8089386470734127 0.1744384765625 0.25912572467137895
11 0.5107421875 0.2973211379278274 0.08038330078125 0.11941092354910714
11 0.67138671875 0.20746140252976192 0.051666259765625 0.07970779661148314
11 0.53515625 0.5532304067460317 0.103759765625 0.18866523863777282
11 0.0460205078125 0.6979709201388888 0.08758544921875 0.0926238771468874
11 0.1568603515625 0.6593734499007936 0.0831298828125 0.11086721268911211
11 0.83935546875 0.8093407040550595 0.12744140625 0.20625523158482142
11 0.63134765625 0.3729078504774306 0.09039306640625 0.11468675401475695
11 0.39208984375 0.8829171316964286 0.1094970703125 0.18444364033048116
11 0.79736328125 0.23057967897445436 0.10284423828125 0.1138826400514633
11 0.961395263671875 0.4635716998387897 0.07720947265625 0.11046515570746528
11 0.276611328125 0.893370613219246 0.1761474609375 0.2120850578187004
11 0.6376953125 0.674651615203373 0.08770751953125 0.10172041635664683
11 0.217529296875 0.8386908637152778 0.10321044921875 0.1693665035187252
11 0.477294921875 0.7156614273313492 0.0966796875 0.19399249364459326
11 0.045196533203125 0.7787843734499008 0.08526611328125 0.10664561438182044
11 0.73828125 0.8411032056051587 0.11859130859375 0.20625523158482142
11 0.77294921875 0.5745394267733135 0.1246337890625 0.09785061790829613
11 0.2783203125 0.47402518136160715 0.070556640625 0.0824216812375992
11 0.57373046875 0.2007269480871776 0.05419921875 0.09624238998170882
11 0.9485321044921875 0.8748759920634921 0.102935791015625 0.2438475593687996
11 0.44873046875 0.5785599965897817 0.06854248046875 0.11207338363405257
11 0.095703125 0.6026834154885913 0.06817626953125 0.06930457221137153
11 0.70703125 0.6521364242311508 0.05865478515625 0.0902617923797123
11 0.215576171875 0.45834495907738093 0.049041748046875 0.06146446106925843
11 0.845703125 0.9496585906498016 0.1302490234375 0.10041373116629464
11 0.2166748046875 0.6408788287450397 0.06658935546875 0.1567017085968502
11 0.252685546875 0.7257128518725199 0.0699462890625 0.10744972834511408
11 0.91259765625 0.5455913240947421 0.0823974609375 0.11106824117993551
11 0.88525390625 0.6646001906622023 0.09637451171875 0.11428469703311012
11 0.9306640625 0.27561006091889884 0.055206298828125 0.05070943681020585
11 0.888671875 0.7627020941840278 0.06878662109375 0.128356691390749
11 0.2142333984375 0.5202617342509921 0.042877197265625 0.07262154230995783
11 0.96435546875 0.6750536721850199 0.0712890625 0.10946001325334821
11 0.783203125 0.5005609421502977 0.0704345703125 0.06312294611855158
11 0.67333984375 0.7868255130828373 0.063720703125 0.09769984654017858
11 0.93896484375 0.1681603325737847 0.115966796875 0.16263204907614087
11 0.77001953125 0.6995791480654762 0.06719970703125 0.09950910295758929
11 0.69873046875 0.26374937996031744 0.0616455078125 0.10513790070064484
11 0.49658203125 0.8475361173115079 0.158935546875 0.16645159040178573
11 0.260498046875 0.589415535094246 0.05450439453125 0.09327721974206349
11 0.638671875 0.5970546177455357 0.1063232421875 0.10453481522817461
11 0.4755859375 0.43422154017857145 0.06805419921875 0.07654159788101439
11 0.070068359375 0.8668348524305556 0.09912109375 0.13549320281498015
11 0.16015625 0.5371481274801587 0.056549072265625 0.05764491974361359
11 0.54443359375 0.3817531040736607 0.03656005859375 0.05563463483537946
11 0.689453125 0.4394482809399802 0.0390625 0.09950910295758929
11 0.05499267578125 0.9488544766865079 0.10894775390625 0.09965987432570685
11 0.295166015625 0.5785599965897817 0.037200927734375 0.09362901960100446
11 0.8818359375 0.19560072157118055 0.043853759765625 0.061112661210317464
11 0.84130859375 0.674651615203373 0.06732177734375 0.09106590634300596
11 0.85302734375 0.5870031932043651 0.05340576171875 0.07196819971478174
11 0.367431640625 0.40627857995411704 0.0411376953125 0.05307152157738095
11 0.22216796875 0.591827876984127 0.0457763671875 0.07277231367807539
11 0.48193359375 0.5029732840401786 0.035888671875 0.06297217475043403
11 0.76171875 0.43422154017857145 0.04486083984375 0.07206871396019346
11 0.94775390625 0.8045160202752977 0.060516357421875 0.1203155517578125
11 0.46337890625 0.46638609871031744 0.034820556640625 0.06206754654172867
11 0.68408203125 0.09825267488994295 0.0455322265625 0.06528400239490327
11 0.72705078125 0.22273956783234128 0.044586181640625 0.0711640857514881
11 0.841796875 0.4334174262152778 0.1279296875 0.1187073238312252
11 0.57861328125 0.716063484312996 0.05023193359375 0.09192027742900545
11 0.097900390625 0.6798783559647817 0.1871337890625 0.14966571141803076
11 0.65087890625 0.3021458217075893 0.045440673828125 0.053473578559027776
11 0.63623046875 0.19871666317894346 0.03314208984375 0.04666373843238467
11 0.66845703125 0.408690921843998 0.03656005859375 0.10664561438182044
11 0.34716796875 0.5922299339657738 0.053192138671875 0.04666373843238467
11 0.962554931640625 0.34395974779885913 0.07489013671875 0.10946001325334821
11 0.40283203125 0.5801682245163691 0.039947509765625 0.05583566332620288
11 0.264404296875 0.33129495287698413 0.03460693359375 0.038346184624565974
11 0.51708984375 0.38718087332589285 0.0299224853515625 0.061816260928199404
11 0.927734375 0.04771913800920759 0.050506591796875 0.08106473892454118
11 0.97412109375 0.26374937996031744 0.04681396484375 0.052870493086557536
11 0.97412109375 0.5520242358010913 0.04913330078125 0.09277464851500496
11 0.56689453125 0.6276109483506944 0.06610107421875 0.09192027742900545
11 0.9169921875 0.10865589929005456 0.050994873046875 0.05754440549820188
11 0.3896484375 0.5254884750124008 0.0360107421875 0.049201723129030255
11 0.65234375 0.45995318700396826 0.37451171875 0.5206637912326388
11 0.72900390625 0.46839638361855157 0.047943115234375 0.0657865736219618
11 0.21484375 0.497344486297123 0.07611083984375 0.1424286857483879
11 0.1019287109375 0.5443851531498016 0.03021240234375 0.05427769252232143
11 0.2459716796875 0.7132490854414683 0.47509765625 0.5729311988467262
11 0.580078125 0.3715006510416667 0.042572021484375 0.057242862761966766
11 0.28515625 0.41572691902281744 0.04620361328125 0.04568372453962054
11 0.92041015625 0.31742398701016866 0.080078125 0.06392706008184523
11 0.94921875 0.6396726578000992 0.0582275390625 0.07317437065972222