11 0.4934640522875817 0.1258986928104575 0.09875816993464052 0.15303921568627452
11 0.31200980392156863 0.24658496732026144 0.07879084967320261 0.06562091503267974
11 0.7392647058823529 0.8002941176470588 0.02880718954248366 0.16052287581699345
11 0.1384313725490196 0.4516666666666667 0.07160130718954248 0.06792483660130719
11 0.6718790849673203 0.3107843137254902 0.18102941176470588 0.04959150326797386
11 0.5263725490196078 0.7817320261437909 0.18651960784313726 0.03616013071895425
11 0.793937908496732 0.6254901960784314 0.12359477124183006 0.09137254901960784
11 0.7011764705882353 0.4160130718954248 0.0853921568627451 0.19408496732026145
11 0.2252124183006536 0.26635620915032676 0.11102941176470589 0.05542483660130719
11 0.2451143790849673 0.5 0.13684640522875818 0.05370915032679738
11 0.5698202614379085 0.6586928104575164 0.035408496732026146 0.16431372549019607
11 0.5229411764705882 0.42676470588235293 0.20336601307189542 0.0626797385620915
11 0.18700980392156863 0.32519607843137255 0.03978758169934641 0.04428104575163399
11 0.3122549019607843 0.3400816993464052 0.18419934640522875 0.04076797385620915
11 0.6899346405228758 0.2493954248366013 0.1602777777777778 0.06513071895424836
11 0.489983660130719 0.2783169934640523 0.06756535947712418 0.13256535947712417
11 0.5053758169934641 0.5991176470588235 0.13366013071895425 0.14684640522875816
11 0.2143627450980392 0.6328104575163398 0.04949346405228758 0.10596405228758168
11 0.23498366013071895 0.3884313725490196 0.07104575163398692 0.05145424836601307
11 0.7954084967320262 0.4555718954248366 0.09534313725490197 0.09753267973856208
11 0.7680718954248366 0.6704084967320262 0.23547385620915035 0.16808823529411765
11 0.3193300653594771 0.4477614379084967 0.08740196078431373 0.035065359477124185
11 0.6865196078431373 0.16991830065359476 0.12988562091503267 0.07330065359477124
11 0.6440359477124182 0.7744117647058824 0.049232026143790845 0.09911764705882352
11 0.3669444444444444 0.7368137254901961 0.03562091503267974 0.18151960784313725
11 0.7807679738562091 0.3359313725490196 0.04238562091503268 0.04336601307189542
11 0.5468790849673203 0.23547385620915035 0.04434640522875817 0.15771241830065358
11 0.23375816993464052 0.6704084967320262 0.10284313725490196 0.16052287581699345
11 0.2197222222222222 0.4582516339869281 0.08178104575163399 0.06952614379084966
11 0.2687908496732026 0.5693300653594772 0.02700980392156863 0.06792483660130719
11 0.5234313725490196 0.5190359477124182 0.11339869281045753 0.11279411764705882
11 0.45678104575163403 0.25977124183006534 0.06830065359477124 0.08008169934640523
11 0.3952614379084967 0.7680718954248366 0.048120915032679734 0.08197712418300654
11 0.41797385620915034 0.7275326797385621 0.09253267973856209 0.187140522875817
11 0.6015686274509804 0.2094771241830065 0.07575163398692811 0.05813725490196078
11 0.7514705882352941 0.577140522875817 0.07586601307189543 0.14758169934640522
11 0.4064869281045752 0.45044117647058823 0.09929738562091504 0.07397058823529412
11 0.7094771241830066 0.7866176470588235 0.02606209150326797 0.1419607843137255
11 0.2736764705882353 0.6474673202614379 0.07709150326797386 0.025326797385620915
11 0.4233333333333333 0.6020588235294118 0.15503267973856208 0.09173202614379085
11 0.4694771241830065 0.4375 0.09741830065359476 0.03839869281045752
11 0.731437908496732 0.38086601307189544 0.05898692810457517 0.09222222222222222
11 0.6303758169934641 0.523921568627451 0.06305555555555556 0.20055555555555554
11 0.20166666666666666 0.6601633986928104 0.03027777777777778 0.052516339869281045
11 0.3493627450980392 0.75 0.03470588235294118 0.1320751633986928
11 0.5825163398692811 0.8061601307189542 0.05602941176470588 0.052434640522875824
11 0.41431372549019607 0.38207516339869285 0.10034313725490196 0.06658496732026144
11 0.4064869281045752 0.2736764705882353 0.06841503267973856 0.03861111111111111
11 0.33544117647058824 0.5527287581699346 0.13501633986928105 0.07044117647058823
11 0.4572712418300654 0.3574183006535948 0.0643954248366013 0.12915032679738564
11 0.3186111111111111 0.8115196078431373 0.027696078431372548 0.02991830065359477
11 0.24926470588235297 0.35083333333333333 0.08361111111111111 0.026552287581699346
11 0.3815849673202614 0.44017973856209147 0.026111111111111113 0.0693954248366013