11 0.6723703703703704 0.3297814207650273 0.15124074074074073 0.3976775956284153
11 0.8715740740740741 0.313551912568306 0.15637037037037035 0.4181967213114754
11 0.34424074074074074 0.1262568306010929 0.14196296296296296 0.23756830601092896
11 0.10742592592592592 0.07510928961748634 0.20850000000000002 0.14543715846994534
11 0.39061111111111113 0.34617486338797815 0.1743148148148148 0.2519398907103825
11 0.18603703703703703 0.21792349726775959 0.16564814814814816 0.253224043715847
11 0.23596296296296296 0.7265300546448088 0.1862777777777778 0.26404371584699454
11 0.4946296296296297 0.1701912568306011 0.18359259259259259 0.2773497267759563
11 0.07355555555555555 0.3919125683060109 0.1461111111111111 0.23882513661202184
11 0.10088888888888889 0.6433333333333333 0.15503703703703703 0.2586338797814208
11 0.7758703703703704 0.6033606557377049 0.16394444444444445 0.23647540983606558
11 0.5400370370370371 0.5413934426229509 0.17407407407407408 0.2337704918032787
11 0.7880925925925926 0.35967213114754093 0.14012962962962963 0.2726775956284153
11 0.40844444444444444 0.7038524590163935 0.15283333333333335 0.23989071038251367
11 0.7558518518518519 0.9056010928961749 0.1696851851851852 0.18882513661202185
11 0.04238888888888889 0.8371311475409836 0.08135185185185186 0.2548360655737705
11 0.5566481481481481 0.7225683060109289 0.18005555555555555 0.16669398907103825
11 0.9531296296296298 0.10338797814207651 0.0895925925925926 0.1937978142076503
11 0.6660185185185185 0.07721311475409837 0.15942592592592594 0.15226775956284153
11 0.5493148148148148 0.918879781420765 0.2233888888888889 0.16224043715846995
11 0.15246296296296297 0.8580054644808742 0.13098148148148148 0.14939890710382514
11 0.5390555555555555 0.3699453551912568 0.1381851851851852 0.14704918032786884
11 0.7954074074074073 0.8097540983606557 0.12250000000000001 0.2272950819672131
11 0.959462962962963 0.6307103825136612 0.08109259259259259 0.17830601092896176
11 0.6655185185185185 0.6872677595628415 0.09418518518518518 0.296448087431694
11 0.05646296296296296 0.2080327868852459 0.09966666666666667 0.11644808743169398
11 0.8979444444444444 0.7744535519125683 0.20398148148148149 0.3177049180327869
11 0.21496296296296297 0.5060928961748633 0.14318518518518517 0.17046448087431695
11 0.6738333333333334 0.1898360655737705 0.15405555555555556 0.12112021857923497
11 0.8662037037037037 0.05344262295081967 0.09448148148148149 0.10390710382513661
11 0.8676666666666667 0.16587431693989071 0.16211111111111112 0.1326502732240437
11 0.3635185185185185 0.9386885245901639 0.15796296296296294 0.12221311475409835