11 0.49243055555555554 0.21724795640326977 0.26635416666666667 0.3919891008174387
11 0.1272048611111111 0.29580381471389644 0.2143576388888889 0.3222615803814714
11 0.36255208333333333 0.4831880108991826 0.2795486111111111 0.4264850136239782
11 0.8935590277777778 0.36899182561307897 0.20885416666666667 0.29275204359673024
11 0.07354166666666667 0.1539509536784741 0.1468576388888889 0.21880108991825611
11 0.3063888888888889 0.1694550408719346 0.15100694444444446 0.2565395095367848
11 0.7387673611111111 0.5218801089918256 0.16663194444444446 0.27722070844686647
11 0.3537673611111111 0.8636784741144415 0.18383680555555557 0.23986376021798367
11 0.9033159722222222 0.11087193460490463 0.18567708333333333 0.22177111716621253
11 0.03326388888888889 0.4479291553133515 0.06097222222222222 0.22512261580381474
11 0.0985763888888889 0.7008174386920981 0.17578125 0.22356948228882834
11 0.27588541666666666 0.03803814713896458 0.1545486111111111 0.07130790190735695
11 0.859375 0.7322343324250682 0.2724652777777778 0.38814713896457764
11 0.4118576388888889 0.04637602179836512 0.09368055555555556 0.08910081743869211
11 0.6098611111111111 0.6628882833787466 0.12914930555555557 0.2013623978201635
11 0.09234375 0.8835967302452316 0.09704861111111111 0.21880108991825611
11 0.6762673611111111 0.0937874659400545 0.13965277777777776 0.18046321525885559