11 0.587652733118971 0.8217790530846485 0.4002411575562701 0.35058823529411764
11 0.6708199356913184 0.3186083213773314 0.29464630225080385 0.4106456241032999
11 0.3857395498392283 0.723142037302726 0.38437299035369776 0.3012625538020086
11 0.6970739549839228 0.6918938307030129 0.23979099678456592 0.23938307030129125
11 0.9210289389067524 0.7369153515064563 0.1579581993569132 0.526183644189383
11 0.9077331189710611 0.27637015781922525 0.17289389067524116 0.3325251076040172
11 0.8759967845659165 0.655767575322812 0.11545016077170418 0.2587948350071736
11 0.9454823151125402 0.6752941176470588 0.1040353697749196 0.08929698708751793
11 0.9066398713826366 0.19774748923959828 0.17413183279742767 0.07007173601147777
11 0.10683279742765274 0.5244189383070301 0.10916398713826367 0.09588235294117647
11 0.2861575562700965 0.2771018651362984 0.34088424437299036 0.5434576757532281
11 0.3012057877813505 0.18981348637015782 0.2347266881028939 0.21606886657101865
11 0.4182958199356913 0.06035868005738881 0.1470418006430868 0.12073170731707318
11 0.20586816720257237 0.5102582496413199 0.10237942122186496 0.08179340028694404
11 0.8442604501607717 0.06951219512195123 0.2458038585209003 0.13684361549497848
11 0.06004823151125402 0.4519081779053085 0.11128617363344051 0.24182209469153518