11 0.4641158221302999 0.5043636363636363 0.1947052740434333 0.981909090909091
11 0.9526370217166494 0.6932272727272727 0.09173733195449844 0.5212727272727273
11 0.13489141675284386 0.500090909090909 0.2673319544984488 0.970090909090909
11 0.27465356773526367 0.16527272727272727 0.17809720785935884 0.31577272727272726
11 0.8134746639089969 0.2215909090909091 0.1441675284384695 0.4303181818181818
11 0.6777352637021716 0.6052272727272727 0.20276111685625645 0.7715454545454545
11 0.4484901758014478 0.14413636363636365 0.16296794208893486 0.2882727272727273
11 0.07079627714581178 0.14877272727272725 0.13794208893485005 0.2975
11 0.040910031023784904 0.39595454545454545 0.08182006204756981 0.41259090909090906
11 0.965894519131334 0.2202727272727273 0.06821096173733195 0.4405
11 0.4956049638055843 0.9743636363636364 0.9721716649431231 0.035454545454545454
11 0.49120992761116855 0.6153636363636363 0.9824198552223371 0.7692727272727273