12 0.783202614379085 0.5644444444444444 0.1157843137254902 0.1040958605664488
12 0.365718954248366 0.9747930283224401 0.058774509803921564 0.05043572984749455
12 0.8852614379084967 0.5957080610021787 0.13733660130718953 0.1452723311546841
12 0.27929738562091505 0.5875599128540305 0.058774509803921564 0.13884531590413943
12 0.7138725490196078 0.9160130718954248 0.12805555555555556 0.1452723311546841
12 0.05624183006535948 0.3987581699346405 0.07318627450980392 0.06686274509803922
12 0.5693300653594772 0.9583442265795207 0.1363562091503268 0.08328976034858387
12 0.13062091503267972 0.6562527233115469 0.10467320261437908 0.17758169934640525
12 0.8017647058823529 0.8372331154684096 0.11736928104575163 0.10579520697167756
12 0.8437581699346405 0.3567755991285403 0.12488562091503269 0.11067538126361655
12 0.20740196078431375 0.44596949891067533 0.0838562091503268 0.10522875816993463
12 0.4345751633986928 0.8046840958605666 0.12066993464052286 0.12760348583877995
12 0.29808823529411765 0.9264270152505447 0.06781045751633986 0.10986928104575164
12 0.08282679738562092 0.035272331154684096 0.08178104575163399 0.06660130718954248
12 0.8945261437908497 0.7461002178649238 0.14148692810457517 0.12825708061002178
12 0.4948692810457517 0.6855555555555556 0.0769607843137255 0.13427015250544663
12 0.6645588235294118 0.764313725490196 0.13781045751633988 0.17252723311546841
12 0.23779411764705882 0.7467538126361656 0.10913398692810458 0.11760348583877996
12 0.3618137254901961 0.46450980392156865 0.12718954248366013 0.12206971677559914
12 0.9675980392156862 0.46908496732026145 0.0647875816993464 0.10058823529411764
12 0.5341830065359477 0.5296296296296297 0.08849673202614379 0.09579520697167755
12 0.19738562091503267 0.2579738562091503 0.10949346405228759 0.15812636165577343
12 0.7661111111111112 0.47233115468409587 0.0736764705882353 0.08910675381263616
12 0.8398366013071896 0.4583442265795207 0.10052287581699347 0.09252723311546841
12 0.768562091503268 0.06466230936819171 0.08447712418300654 0.11971677559912855
12 0.061650326797385614 0.8509150326797386 0.11676470588235294 0.16250544662309369
12 0.6108333333333333 0.612962962962963 0.13122549019607843 0.15649237472766883
12 0.5893627450980392 0.3948583877995643 0.1118137254901961 0.1142483660130719
12 0.8896405228758171 0.08910675381263616 0.07091503267973856 0.09984749455337691
12 0.3964869281045752 0.1501525054466231 0.0861764705882353 0.10100217864923747
12 0.1848202614379085 0.1116557734204793 0.09204248366013072 0.1071677559912854
12 0.9355392156862744 0.8717429193899782 0.11919934640522876 0.19938997821350762
12 0.6469771241830066 0.2722875816993464 0.08679738562091503 0.10100217864923747
12 0.8515686274509804 0.9498692810457516 0.10192810457516341 0.08812636165577342
12 0.5205065359477125 0.12671023965141612 0.06524509803921569 0.10335511982570805
12 0.49950980392156863 0.03213507625272331 0.11859477124183006 0.06172113289760348
12 0.10143790849673202 0.44790849673202615 0.09741830065359476 0.1142483660130719
12 0.28784313725490196 0.4085185185185185 0.09686274509803922 0.14705882352941177
12 0.9511764705882353 0.13786492374727669 0.0886764705882353 0.10749455337690633
12 0.6269607843137255 0.48762527233115466 0.11676470588235294 0.10579520697167756
12 0.4160130718954248 0.5650980392156862 0.08660130718954248 0.1356644880174292
12 0.12696078431372548 0.16250544662309369 0.08008169934640523 0.09026143790849674
12 0.3044444444444444 0.16681917211328975 0.06562091503267974 0.09847494553376906
12 0.6997058823529412 0.40494553376906317 0.08648692810457516 0.099520697167756
12 0.46898692810457515 0.07470588235294118 0.07091503267973856 0.07080610021786492
12 0.027173202614379083 0.5348366013071896 0.051274509803921564 0.13760348583877996
12 0.9252941176470588 0.2579738562091503 0.07488562091503267 0.12272331154684095
12 0.8105392156862745 0.2713289760348584 0.0738562091503268 0.08281045751633986
12 0.37549019607843137 0.2618736383442266 0.06633986928104575 0.10888888888888888
12 0.5317320261437909 0.3424400871459695 0.08820261437908496 0.08431372549019608
12 0.615718954248366 0.09359477124183006 0.07227124183006535 0.0877995642701525
12 0.47728758169934643 0.19010893246187366 0.055718954248366016 0.08749455337690631
12 0.7578104575163398 0.6451851851851852 0.09282679738562091 0.10058823529411764
12 0.18566993464052287 0.8671895424836602 0.06537581699346405 0.11302832244008715
12 0.2900326797385621 0.3092374727668845 0.0977124183006536 0.10058823529411764
12 0.0621078431372549 0.2887363834422658 0.05933006535947713 0.08960784313725491
12 0.7817320261437909 0.1730065359477124 0.05813725490196078 0.06128540305010893
12 0.27124183006535946 0.031568627450980394 0.07397058823529412 0.06315904139433551
12 0.02560457516339869 0.7037690631808279 0.051192810457516336 0.10392156862745099
12 0.5126960784313725 0.45215686274509803 0.08313725490196079 0.09496732026143792
12 0.1936111111111111 0.9661873638344227 0.10034313725490196 0.06762527233115469
12 0.03622549019607844 0.1629193899782135 0.06658496732026144 0.11677559912854031
12 0.38477124183006534 0.36490196078431375 0.07586601307189543 0.09285403050108931
12 0.5595751633986927 0.2613943355119826 0.05663398692810457 0.07910675381263617
12 0.9291993464052287 0.04385620915032679 0.07227124183006535 0.07793028322440088
12 0.4516666666666667 0.40494553376906317 0.056454248366013066 0.07982570806100218
12 0.3618137254901961 0.02535947712418301 0.07287581699346406 0.048583877995642705
12 0.09369281045751635 0.7324183006535948 0.04477124183006536 0.05326797385620915
12 0.6860294117647059 0.18130718954248365 0.06549019607843137 0.07348583877995642