12 0.7275326797385621 0.31517973856209147 0.04491830065359477 0.059542483660130714
12 0.7768627450980392 0.2753921568627451 0.050408496732026145 0.04638888888888889
12 0.9282189542483661 0.2502450980392157 0.05911764705882353 0.05419934640522876
12 0.9033169934640524 0.18212418300653593 0.059542483660130714 0.05419934640522876
12 0.841797385620915 0.40673202614379084 0.04779411764705882 0.05655228758169935
12 0.35913398692810455 0.12464052287581699 0.0667156862745098 0.06305555555555556
12 0.05813725490196078 0.3999019607843137 0.0667156862745098 0.05184640522875817
12 0.8369117647058825 0.10759803921568627 0.08679738562091503 0.06450980392156862
12 0.2949183006535948 0.23230392156862742 0.0631045751633987 0.05975490196078431
12 0.4050326797385621 0.27905228758169937 0.09967320261437909 0.04281045751633987
12 0.0784967320261438 0.2988235294117647 0.12187908496732026 0.046209150326797385
12 0.08929738562091503 0.4792483660130719 0.10687908496732025 0.037598039215686274
12 0.38477124183006534 0.4680228758169935 0.040375816993464056 0.07044117647058823
12 0.648921568627451 0.4873039215686275 0.0626797385620915 0.05684640522875817
12 0.8569281045751634 0.32227124183006534 0.10431372549019609 0.07464052287581699
12 0.956062091503268 0.4895098039215686 0.055718954248366016 0.09570261437908496
12 0.9038071895424836 0.5004901960784314 0.045784313725490196 0.09485294117647058
12 0.4257843137254902 0.4038071895424837 0.07227124183006535 0.04877450980392157
12 0.7631862745098039 0.4238235294117647 0.05410130718954248 0.06397058823529411
12 0.9379901960784313 0.4006372549019608 0.06830065359477124 0.06408496732026144
12 0.8291013071895426 0.5366176470588235 0.04568627450980392 0.07238562091503267
12 0.8579084967320261 0.44995098039215686 0.04400326797385621 0.07794117647058824
12 0.8315359477124182 0.23754901960784314 0.09436274509803921 0.0693954248366013
12 0.8476633986928104 0.849607843137255 0.15148692810457515 0.2722222222222222
12 0.19959150326797387 0.4631372549019608 0.08709150326797385 0.07276143790849673
12 0.26294117647058823 0.5375980392156863 0.01968954248366013 0.07519607843137255
12 0.3547385620915033 0.3198202614379085 0.07531045751633987 0.11218954248366013
12 0.8012745098039216 0.6752941176470588 0.08648692810457516 0.1227450980392157
12 0.9763725490196078 0.2519607843137255 0.04723856209150327 0.0769607843137255
12 0.7827124183006535 0.5278267973856209 0.054901960784313725 0.08416666666666667
12 0.7348692810457517 0.6801797385620915 0.054297385620915024 0.3886764705882353
12 0.7558660130718954 0.2370588235294118 0.03833333333333334 0.05633986928104575
12 0.6909150326797385 0.32495098039215686 0.045098039215686274 0.04968954248366013
12 0.9272385620915033 0.5859313725490196 0.1323202614379085 0.24901960784313726
12 0.7275326797385621 0.4018627450980392 0.03812091503267974 0.05292483660130719
12 0.42187908496732024 0.5517647058823529 0.3630392156862745 0.12169934640522877
12 0.12926470588235295 0.43774509803921563 0.06042483660130719 0.04400326797385621
12 0.7041013071895426 0.6889705882352941 0.0311437908496732 0.3830555555555556