12 0.1165359477124183 0.8198202614379085 0.08943355119825708 0.31468954248366016
12 0.6533115468409586 0.17761437908496733 0.1356644880174292 0.09826797385620915
12 0.8717429193899782 0.2707516339869281 0.24169934640522875 0.22436274509803922
12 0.49381263616557736 0.6357352941176471 0.9772113289760349 0.7006862745098039
12 0.31119825708061005 0.8993464052287581 0.08797385620915034 0.2012908496732026
12 0.7161437908496732 0.0853921568627451 0.15917211328976036 0.0736764705882353
12 0.5273420479302833 0.08990196078431373 0.07610021786492374 0.16772875816993466
12 0.829433551198257 0.1568627450980392 0.15143790849673203 0.10266339869281045
12 0.12117647058823529 0.6000980392156863 0.24235294117647058 0.08849673202614379
12 0.33431372549019606 0.726078431372549 0.17431372549019608 0.17980392156862746
12 0.17416122004357298 0.06450980392156862 0.2766884531590414 0.12359477124183006
12 0.06383442265795207 0.7338888888888888 0.1069281045751634 0.042483660130718956