12 0.8164064801178204 0.614245939675174 0.2663622974963181 0.33712296983758705
12 0.6938438880706922 0.3734570765661253 0.052120765832106036 0.05946635730858468
12 0.7626951399116347 0.5203944315545244 0.11536082474226804 0.14394431554524362
12 0.889160530191458 0.41501160092807426 0.08300441826215021 0.11547563805104409
12 0.21240058910162002 0.3286542923433875 0.1999558173784978 0.3988631090487239
12 0.7250957290132547 0.6580974477958237 0.10156111929307805 0.22211136890951277
12 0.44409425625920473 0.1948027842227378 0.18334315169366716 0.2596287703016241
12 0.32958762886597937 0.8723201856148493 0.025125184094256257 0.2305800464037123
12 0.6762739322533137 0.4350116009280743 0.05511045655375552 0.0654292343387471
12 0.13634756995581737 0.48076566125290027 0.09026509572901326 0.23672853828306265
12 0.08770250368188512 0.33018561484918796 0.0761119293078056 0.09677494199535963
12 0.5395434462444773 0.5626914153132251 0.07452135493372607 0.09533642691415314
12 0.7153313696612665 0.4988631090487239 0.062312223858615616 0.0754292343387471
12 0.39083946980854195 0.6012064965197216 0.23564064801178203 0.29505800464037124
12 0.20812960235640646 0.18018561484918794 0.13366715758468337 0.16317865429234338
12 0.7949189985272459 0.24749419953596288 0.08123711340206186 0.025243619489559166
12 0.5522533136966127 0.132877030162413 0.0670839469808542 0.07039443155452436
12 0.7348600883652431 0.3294199535962877 0.055935198821796754 0.09837587006960556
12 0.8330044182621502 0.36 0.042326951399116346 0.15672853828306263
12 0.17443298969072166 0.8415545243619489 0.09997054491899852 0.07106728538283062