12 0.44312169312169314 0.3160068921718732 0.21825396825396826 0.13002965357519722
12 0.25992065510421836 0.4960125549366033 0.23544977581690227 0.14281875688243548
12 0.775390625 0.44287109375 0.20751953125 0.152587890625
12 0.4423828125 0.46435546875 0.1865234375 0.127685546875
12 0.20768229166666666 0.32958984375 0.23209635416666666 0.11376953125
12 0.865234375 0.321044921875 0.26318359375 0.1500244140625
12 0.8203125 0.56982421875 0.2041015625 0.1309814453125
12 0.7252604166666666 0.2078857421875 0.1767578125 0.12103271484375
12 0.19986979166666666 0.7177734375 0.236328125 0.12890625
12 0.3395182291666667 0.62646484375 0.16682942708333334 0.12127685546875
12 0.5966796875 0.454345703125 0.15087890625 0.1566162109375
12 0.4270833333333333 0.21533203125 0.19417317708333334 0.1260986328125
12 0.1787109375 0.239501953125 0.20719401041666666 0.11395263671875
12 0.3561197916666667 0.7861328125 0.251953125 0.10821533203125
12 0.3191731770833333 0.404541015625 0.18929036458333334 0.1231689453125
12 0.6455078125 0.58642578125 0.156494140625 0.1055908203125
12 0.4876302083333333 0.5869140625 0.16536458333333334 0.12445068359375
12 0.14005533854166666 0.413330078125 0.15592447916666666 0.0965576171875
12 0.9186197916666666 0.45751953125 0.153564453125 0.11737060546875
12 0.498046875 0.72607421875 0.2652994791666667 0.162353515625
12 0.14680989583333334 0.8388671875 0.20882161458333334 0.132568359375
12 0.8040364583333334 0.154296875 0.17692057291666666 0.1370849609375
12 0.5735677083333334 0.22265625 0.13541666666666666 0.09912109375
12 0.0484619140625 0.310302734375 0.09651692708333333 0.10723876953125
12 0.916015625 0.2191162109375 0.16446940104166666 0.06585693359375
12 0.7037760416666666 0.6796875 0.20784505208333334 0.12042236328125
12 0.058512369791666664 0.767578125 0.11702473958333333 0.1279296875
12 0.052937825520833336 0.57763671875 0.10481770833333333 0.1202392578125
12 0.67578125 0.349609375 0.11385091145833333 0.07159423828125
12 0.13834635416666666 0.51123046875 0.10294596354166667 0.0855712890625
12 0.6474609375 0.39501953125 0.124267578125 0.07080078125
12 0.06266276041666667 0.38427734375 0.09236653645833333 0.06878662109375
12 0.5777994791666666 0.1683349609375 0.14152018229166666 0.06463623046875
12 0.043192545572916664 0.4638671875 0.08638509114583333 0.100341796875
12 0.23177083333333334 0.423095703125 0.146240234375 0.058013916015625
12 0.4013671875 0.689453125 0.17854817708333334 0.1015625
12 0.8567708333333334 0.720703125 0.12337239583333333 0.11260986328125
12 0.09391276041666667 0.488525390625 0.11181640625 0.07476806640625