12 0.6704021937842778 0.8463963963963964 0.10212065813528336 0.09112612612612613
12 0.4960877513711152 0.48063063063063066 0.10912248628884826 0.033986486486486486
12 0.7187568555758684 0.6232207207207207 0.10285191956124314 0.06903153153153153
12 0.5615173674588665 0.5128153153153153 0.0996709323583181 0.043941441441441444
12 0.7705118829981719 0.8608333333333333 0.2846617915904936 0.25175675675675674
12 0.4896343692870201 0.3072747747747748 0.08349177330895796 0.11831081081081081
12 0.4487385740402194 0.726081081081081 0.06042047531992687 0.06155405405405405
12 0.6523400365630713 0.7447297297297298 0.08197440585009141 0.0711036036036036
12 0.7641681901279708 0.7327027027027027 0.09387568555758684 0.060202702702702705
12 0.5390676416819012 0.6298198198198198 0.0769652650822669 0.049279279279279276
12 0.4343327239488117 0.24063063063063064 0.06537477148080438 0.03903153153153153
12 0.3874588665447898 0.24828828828828828 0.033546617915904936 0.03903153153153153
12 0.7338939670932358 0.7910360360360361 0.041681901279707494 0.055563063063063065
12 0.643546617915905 0.4830405405405405 0.13819012797074956 0.07768018018018018
12 0.660164533820841 0.5573423423423424 0.07385740402193784 0.08443693693693693
12 0.40575868372943324 0.643063063063063 0.037751371115173675 0.07067567567567568
12 0.40137111517367463 0.6057657657657657 0.05144424131627057 0.028693693693693696
12 0.6230530164533821 0.683963963963964 0.03861060329067642 0.03177927927927928
12 0.4670383912248629 0.6496846846846847 0.050146252285191956 0.05078828828828829
12 0.5746983546617916 0.44335585585585585 0.08330895795246801 0.059166666666666666
12 0.7280255941499086 0.7050225225225225 0.031151736745886654 0.03925675675675676
12 0.8505850091407678 0.728490990990991 0.0816636197440585 0.08324324324324324
12 0.5512614259597807 0.6905855855855856 0.026343692870201097 0.04711711711711712
12 0.6484460694698354 0.7188513513513514 0.04369287020109689 0.025630630630630633
12 0.5371115173674589 0.859009009009009 0.07861060329067641 0.049099099099099104