12 0.6591753926701571 0.7601617250673854 0.04586387434554974 0.11946091644204852
12 0.34424083769633507 0.402722371967655 0.040981675392670155 0.10539083557951483
12 0.27612565445026177 0.11557951482479785 0.044764397905759166 0.0668733153638814
12 0.2143586387434555 0.8757951482479784 0.041479057591623035 0.09533692722371967
12 0.4206544502617801 0.294366576819407 0.05202879581151833 0.08439353099730458
12 0.17748691099476438 0.8486522911051213 0.046295811518324605 0.08716981132075473
12 0.31786649214659685 0.7234770889487872 0.047604712041884815 0.09514824797843666
12 0.1149869109947644 0.12530997304582212 0.054986910994764396 0.07018867924528302
12 0.20019633507853402 0.48590296495956875 0.05480366492146597 0.08617250673854447
12 0.24743455497382197 0.5077897574123988 0.037683246073298426 0.07684636118598383
12 0.7978534031413612 0.7908355795148247 0.04723821989528796 0.11035040431266846
12 0.7285209424083771 0.4929649595687331 0.05081151832460733 0.08897574123989217
12 0.08179319371727749 0.5278975741239892 0.05844240837696335 0.1025067385444744
12 0.8588874345549738 0.9270889487870619 0.04409685863874345 0.09320754716981132
12 0.7885732984293194 0.0996765498652291 0.048861256544502615 0.06574123989218329
12 0.03229057591623037 0.035633423180592996 0.03795811518324607 0.07126684636118599
12 0.7592801047120419 0.6998382749326145 0.04858638743455497 0.10733153638814016
12 0.27734293193717274 0.8808355795148248 0.04950261780104712 0.08471698113207547
12 0.9394502617801047 0.8883827493261455 0.05759162303664921 0.08194070080862534
12 0.42846858638743457 0.153099730458221 0.04458115183246074 0.08164420485175201
12 0.41259162303664926 0.8607277628032345 0.06793193717277486 0.07805929919137466
12 0.2656282722513089 0.7249865229110513 0.05032722513089006 0.10420485175202156
12 0.9355497382198953 0.22512129380053908 0.034999999999999996 0.07598382749326146
12 0.47437172774869113 0.22008086253369274 0.0475130890052356 0.09840970350404313
12 0.6889659685863875 0.605822102425876 0.05371727748691099 0.10878706199460916
12 0.5620811518324608 0.5248247978436658 0.04450261780104712 0.11315363881401616
12 0.5107460732984292 0.3557142857142857 0.04602094240837696 0.0869811320754717
12 0.5136780104712042 0.17433962264150946 0.04778795811518324 0.07617250673854448
12 0.5595680628272252 0.2614285714285714 0.04208115183246073 0.0969811320754717
12 0.6113219895287958 0.2342857142857143 0.05060209424083769 0.06210242587601078
12 0.46435863874345545 0.08070080862533693 0.052709424083769635 0.08024258760107816
12 0.6591753926701571 0.8863611859838274 0.03933246073298429 0.09622641509433963
12 0.5703141361256545 0.6973315363881402 0.04849476439790575 0.09603773584905662
12 0.39037958115183247 0.1921832884097035 0.039489528795811524 0.09765498652291105
12 0.5395549738219896 0.8340700808625336 0.03964659685863874 0.1015633423180593
12 0.3918455497382199 0.49797843665768193 0.04107329842931937 0.07849056603773585
12 0.5058638743455498 0.7435849056603774 0.0475130890052356 0.09463611859838275
12 0.4836387434554974 0.5555525606469003 0.04193717277486911 0.08816711590296496
12 0.6264659685863875 0.8260377358490566 0.04709424083769633 0.09118598382749325
12 0.7880890052356021 0.41150943396226414 0.03197643979057591 0.07617250673854448
12 0.8222643979057592 0.8873584905660377 0.04913612565445026 0.08617250673854447
12 0.8662172774869109 0.43514824797843665 0.04519633507853403 0.08981132075471698
12 0.4428664921465969 0.5505121293800539 0.04544502617801047 0.09641509433962266
12 0.14770942408376964 0.5766576819407008 0.049410994764397906 0.10557951482479785
12 0.8779319371727748 0.6862533692722372 0.033782722513089 0.09320754716981132
12 0.3669371727748691 0.5816981132075472 0.042578534031413616 0.0874932614555256
12 0.7827094240837696 0.5796765498652291 0.04168848167539267 0.0869811320754717
12 0.8178664921465969 0.5354447439353099 0.03595549738219895 0.09132075471698115
12 0.1674869109947644 0.1709433962264151 0.04714659685863875 0.08439353099730458
12 0.5815445026178011 0.18099730458221025 0.03928010471204189 0.08439353099730458
12 0.2856413612565445 0.28733153638814013 0.047945026178010476 0.09425876010781671
12 0.9140575916230367 0.3697843665768194 0.05060209424083769 0.08617250673854447
12 0.6845680628272252 0.4791374663072776 0.03506544502617801 0.08099730458221024
12 0.9052748691099476 0.45121293800539086 0.03325916230366492 0.07816711590296496
12 0.2880890052356021 0.4190566037735849 0.05358638743455497 0.08665768194070081
12 0.5273429319371727 0.2379245283018868 0.04037958115183246 0.08797843665768194
12 0.7617146596858639 0.17622641509433962 0.040013089005235605 0.09622641509433963
12 0.6084031413612565 0.061401617250673855 0.04595549738219895 0.10539083557951483
12 0.6074214659685864 0.46606469002695416 0.04586387434554974 0.08315363881401618
12 0.244869109947644 0.3142318059299191 0.03985602094240838 0.057035040431266844
12 0.12213350785340314 0.24862533692722372 0.04681937172774869 0.09377358490566037
12 0.27856020942408377 0.6234231805929918 0.045353403141361257 0.10760107816711591
12 0.4079581151832461 0.6902964959568734 0.0443455497382199 0.08377358490566038
12 0.5019502617801047 0.8406199460916443 0.03854712041884817 0.0854177897574124
12 0.3845157068062827 0.04177897574123989 0.04232984293193718 0.08056603773584906
12 0.28222513089005236 0.038490566037735846 0.03353403141361257 0.07698113207547169
12 0.6459947643979058 0.5153369272237197 0.04723821989528796 0.07560646900269542
12 0.9492146596858639 0.28180592991913744 0.04272251308900524 0.07574123989218329
12 0.07171465968586388 0.6566037735849056 0.042814136125654455 0.08288409703504043
12 0.40674083769633507 0.7652021563342317 0.054986910994764396 0.0858490566037736
12 0.40479057591623036 0.571644204851752 0.040981675392670155 0.10024258760107817
12 0.14136125654450263 0.76822102425876 0.05243455497382199 0.09477088948787062
12 0.21227748691099477 0.268733153638814 0.04168848167539267 0.07485175202156334
12 0.4472643979057591 0.40320754716981133 0.03142670157068063 0.06247978436657682
12 0.6625916230366492 0.2318867924528302 0.040837696335078534 0.08377358490566038
12 0.8300785340314135 0.4572506738544474 0.036832460732984296 0.07347708894878707
12 0.05023560209424084 0.7626954177897574 0.05234293193717278 0.09320754716981132
12 0.568848167539267 0.4564959568733154 0.034358638743455495 0.07787061994609165
12 0.3845157068062827 0.9396495956873315 0.05225130890052356 0.09641509433962266
12 0.23095549738219895 0.6188948787061995 0.056243455497382196 0.10118598382749326
12 0.9086910994764398 0.1295956873315364 0.03515706806282722 0.08665768194070081
12 0.20178010471204189 0.030916442048517522 0.04384816753926701 0.06161725067385444
12 0.7084947643979057 0.031266846361185985 0.04107329842931937 0.0625067385444744
12 0.9653272251308901 0.3697843665768194 0.03726439790575916 0.07862533692722372
12 0.17907068062827225 0.3109433962264151 0.05126963350785341 0.0860377358490566
12 0.3356937172774869 0.3220215633423181 0.04602094240837696 0.05800539083557951
12 0.9433638743455498 0.4311051212938005 0.0374738219895288 0.08088948787061995
12 0.8198298429319372 0.631455525606469 0.0450130890052356 0.07460916442048518
12 0.8964790575916229 0.633989218328841 0.040013089005235605 0.07377358490566038
12 0.6264659685863875 0.37808625336927226 0.039489528795811524 0.06374663072776279
12 0.7421858638743455 0.7988948787061995 0.045353403141361257 0.09425876010781671
12 0.2443848167539267 0.83911051212938 0.03247382198952879 0.06584905660377359
12 0.3181151832460733 0.8310512129380053 0.042879581151832456 0.08428571428571428
12 0.363520942408377 0.6611320754716982 0.047696335078534026 0.09463611859838275
12 0.3317931937172775 0.24296495956873315 0.031020942408376963 0.07428571428571429
12 0.09039267015706806 0.9361455525606469 0.05933246073298429 0.10231805929919138
12 0.021335078534031413 0.6646361185983828 0.04162303664921466 0.08471698113207547
12 0.9828010471204188 0.6812398921832884 0.034410994764397906 0.08849056603773585
12 0.4626439790575916 0.3411320754716981 0.04638743455497382 0.08088948787061995
12 0.5971727748691099 0.6410242587601078 0.048311518324607325 0.0855256064690027
12 0.47753926701570676 0.9738544474393531 0.05410994764397906 0.049892183288409706
12 0.5058638743455498 0.6380053908355795 0.03582460732984293 0.07485175202156334
12 0.681151832460733 0.2933692722371968 0.03534031413612566 0.07253369272237196
12 0.8745157068062828 0.10539083557951483 0.040104712041884816 0.08439353099730458
12 0.46972513089005236 0.6259299191374663 0.03534031413612566 0.07741239892183288
12 0.5429712041884817 0.9326145552560647 0.044856020942408384 0.09784366576819406
12 0.056034031413612566 0.12695417789757413 0.03095549738219895 0.08345013477088949
12 0.9765575916230367 0.48590296495956875 0.045353403141361257 0.09080862533692721
12 0.8359424083769633 0.7018598382749326 0.04239528795811518 0.07684636118598383
12 0.7075130890052356 0.9441778975741241 0.05420157068062827 0.06509433962264151
12 0.9111387434554974 0.8240161725067385 0.04184554973821989 0.07716981132075472
12 0.5346727748691099 0.4929649595687331 0.0387565445026178 0.05377358490566037
12 0.8950130890052356 0.757654986522911 0.04418848167539267 0.0860377358490566
12 0.9829057591623037 0.3051752021563342 0.03192408376963351 0.07862533692722372
12 0.8359424083769633 0.22787061994609167 0.03204188481675393 0.07113207547169811
12 0.3129842931937173 0.49070080862533694 0.04052356020942408 0.09514824797843666
12 0.7417015706806283 0.5917520215633423 0.048311518324607325 0.09533692722371967
12 0.9340837696335078 0.5188409703504043 0.03448952879581152 0.07221024258760107
12 0.055942408376963355 0.3961725067385444 0.037683246073298426 0.07504043126684636
12 0.22948952879581153 0.7219676549865229 0.044921465968586385 0.10520215633423181
12 0.43871727748691103 0.46606469002695416 0.03384816753926702 0.0681132075471698
12 0.12475130890052356 0.18487870619946092 0.04208115183246073 0.055202156334231804
12 0.04714659685863875 0.2545283018867925 0.06210732984293194 0.11795148247978436
12 0.9482460732984294 0.651078167115903 0.043455497382198956 0.0854177897574124
12 0.6933638743455498 0.8592183288409703 0.03912303664921466 0.09099730458221024
12 0.7548821989528796 0.03522911051212938 0.04037958115183246 0.05660377358490566
12 0.5141623036649214 0.0545822102425876 0.043455497382198956 0.06905660377358491
12 0.26586387434554976 0.18388140161725067 0.0412303664921466 0.08428571428571428
12 0.8901308900523559 0.21479784366576818 0.04778795811518324 0.10080862533692722
12 0.2819764397905759 0.820512129380054 0.028979057591623038 0.04822102425876011
12 0.21839005235602094 0.12719676549865228 0.036897905759162304 0.05078167115902965
12 0.1457460732984293 0.031644204851752025 0.037041884816753926 0.05285714285714285
12 0.9667931937172775 0.809433962264151 0.037591623036649216 0.07628032345013477
12 0.7685602094240837 0.9562533692722371 0.038324607329842934 0.07741239892183288
12 0.38891361256544504 0.42959568733153636 0.05380890052356021 0.07862533692722372
12 0.9345680628272252 0.7642048517520215 0.033664921465968584 0.06342318059299192
12 0.2211910994764398 0.1818598382749326 0.042814136125654455 0.08665768194070081
12 0.34839005235602094 0.13512129380053908 0.036164921465968586 0.07905660377358491
12 0.19238219895287956 0.07849056603773585 0.04458115183246074 0.057358490566037736
12 0.8325130890052356 0.1290835579514825 0.029921465968586386 0.08118598382749326
12 0.17090314136125653 0.4069811320754717 0.04858638743455497 0.09218328840970351
12 0.6176701570680628 0.7395687331536388 0.04077225130890052 0.08490566037735849
12 0.17578534031413615 0.6953099730458221 0.04467277486910995 0.058221024258760114
12 0.026256544502617798 0.17118598382749325 0.037683246073298426 0.08070080862533693
12 0.3159162303664922 0.07849056603773585 0.0312565445026178 0.057035040431266844
12 0.3469240837696335 0.0776010781671159 0.034240837696335076 0.06161725067385444
12 0.24890052356020942 0.9245822102425876 0.03719895287958115 0.07390835579514825
12 0.568848167539267 0.07673854447439353 0.033481675392670156 0.06269541778975742
12 0.8710994764397906 0.31773584905660374 0.0387565445026178 0.07994609164420485
12 0.8955104712041885 0.9657951482479784 0.0381151832460733 0.06787061994609164
12 0.03774869109947644 0.48768194070080867 0.024515706806282723 0.05097035040431267
12 0.8579057591623037 0.8552021563342317 0.03582460732984293 0.0669811320754717
12 0.9335994764397906 0.5832075471698114 0.030157068062827225 0.07584905660377358
12 0.05520942408376963 0.920053908355795 0.03589005235602095 0.07787061994609165
12 0.43774869109947645 0.02353099730458221 0.03854712041884817 0.04679245283018868
12 0.09350785340314136 0.4547439353099731 0.05193717277486911 0.06013477088948787
12 0.22607329842931936 0.39140161725067385 0.04803664921465969 0.10401617250673856
12 0.01218586387434555 0.34638814016172503 0.0243848167539267 0.09320754716981132
12 0.4797382198952879 0.030566037735849056 0.038324607329842934 0.05811320754716981
12 0.7802748691099476 0.33107816711590293 0.04638743455497382 0.09320754716981132
12 0.6015575916230366 0.9683018867924529 0.03985602094240838 0.06185983827493261
12 0.2819764397905759 0.5087870619946091 0.028442408376963352 0.08439353099730458
12 0.025026178010471207 0.5379514824797844 0.050052356020942414 0.07528301886792453
12 0.8911125654450262 0.8753099730458221 0.04217277486910995 0.07113207547169811
12 0.10968586387434555 0.8451482479784367 0.029371727748691102 0.07948787061994608
12 0.3823298429319372 0.33358490566037735 0.03056282722513089 0.05857142857142857
12 0.34032722513089003 0.9456873315363882 0.0374738219895288 0.07830188679245283
12 0.662107329842932 0.020539083557951483 0.04052356020942408 0.04091644204851752
12 0.07354712041884816 0.02509433962264151 0.043455497382198956 0.04851752021563342
12 0.2349869109947644 0.07018867924528302 0.029986910994764398 0.06711590296495956
12 0.5820287958115183 0.7913477088948786 0.030274869109947644 0.072911051212938
12 0.881348167539267 0.027035040431266845 0.03818062827225131 0.05366576819407008
12 0.05791884816753927 0.4600269541778975 0.02116492146596859 0.06105121293800539
12 0.01667539267015707 0.9059838274932615 0.03335078534031414 0.09679245283018867
12 0.6132853403141362 0.898921832884097 0.019712041884816754 0.06970350404312668
12 0.837892670157068 0.01706199460916442 0.030497382198952882 0.034150943396226416
12 0.13159685863874346 0.6862533692722372 0.023730366492146597 0.0490566037735849
12 0.015052356020942409 0.7556334231805929 0.030091623036649213 0.09948787061994609
12 0.9731413612565445 0.12743935309973045 0.044856020942408384 0.07428571428571429
12 0.9472643979057592 0.10501347708894879 0.026413612565445027 0.05946091644204851