12 0.5883660130718954 0.6192374727668846 0.0923202614379085 0.130239651416122
12 0.39233660130718956 0.33788671023965144 0.07464052287581699 0.09912854030501089
12 0.23143790849673201 0.697908496732026 0.07642156862745099 0.09359477124183006
12 0.868169934640523 0.4547494553376906 0.0713562091503268 0.1067755991285403
12 0.3542483660130719 0.6243572984749455 0.06549019607843137 0.08812636165577342
12 0.5458986928104574 0.3318736383442266 0.08300653594771241 0.09758169934640523
12 0.6640686274509804 0.1601525054466231 0.07330065359477124 0.0810239651416122
12 0.5214869281045751 0.09862745098039216 0.043464052287581705 0.08041394335511982
12 0.16650326797385623 0.8762962962962964 0.08630718954248366 0.12165577342047931
12 0.702140522875817 0.06383442265795207 0.06513071895424836 0.05335511982570806
12 0.3315359477124183 0.13355119825708062 0.07501633986928104 0.07734204793028322
12 0.7856372549019608 0.4892592592592592 0.049232026143790845 0.09056644880174292
12 0.05965686274509804 0.6738344226579521 0.11419934640522876 0.13688453159041394
12 0.1784640522875817 0.5745533769063181 0.06052287581699346 0.09237472766884532
12 0.7441339869281046 0.2527668845315904 0.0878921568627451 0.10969498910675382
12 0.3395915032679739 0.7363180827886711 0.08081699346405229 0.10074074074074074
12 0.2910130718954248 0.5761655773420479 0.08050653594771243 0.10620915032679738
12 0.4455555555555556 0.17056644880174293 0.054297385620915024 0.06823529411764706
12 0.5546895424836602 0.9368409586056645 0.08849673202614379 0.12337690631808279
12 0.04147058823529411 0.04174291938997821 0.05911764705882353 0.07854030501089324
12 0.2070261437908497 0.3863834422657952 0.05419934640522876 0.049847494553376906
12 0.0559313725490196 0.24869281045751634 0.0792156862745098 0.10392156862745099
12 0.45361111111111113 0.4508496732026144 0.08361111111111111 0.1307843137254902
12 0.9609313725490196 0.9459694989106754 0.07044117647058823 0.10433551198257081
12 0.8183660130718954 0.612962962962963 0.16101307189542485 0.17821350762527233
12 0.17565359477124182 0.07145969498910675 0.09155228758169935 0.11734204793028322
12 0.5737254901960784 0.05749455337690632 0.11779411764705883 0.11490196078431374
12 0.8105392156862745 0.3264923747276689 0.14318627450980392 0.13786492374727669
12 0.27905228758169937 0.8183660130718954 0.09088235294117647 0.08960784313725491
12 0.14490196078431375 0.19546840958605663 0.08124183006535947 0.10888888888888888
12 0.15929738562091503 0.34636165577342043 0.03812091503267974 0.07854030501089324
12 0.5200163398692811 0.7272113289760349 0.0738562091503268 0.10392156862745099
12 0.3156699346405229 0.22721132897603488 0.06573529411764706 0.11760348583877996
12 0.2580555555555556 0.9453159041394334 0.09106209150326797 0.10350762527233115
12 0.17236928104575164 0.27570806100217865 0.0886764705882353 0.09106753812636165
12 0.8828104575163398 0.7838562091503268 0.1436764705882353 0.18374727668845317
12 0.24341503267973855 0.1354248366013072 0.08197712418300654 0.10132897603485838
12 0.821781045751634 0.21174291938997822 0.08300653594771241 0.10522875816993463
12 0.5776307189542483 0.1583660130718954 0.05707516339869281 0.09392156862745098
12 0.5454084967320262 0.4628976034858388 0.10284313725490196 0.15357298474945533
12 0.37256535947712416 0.8743572984749455 0.06609477124183007 0.07174291938997822
12 0.6918954248366013 0.8430936819172113 0.12 0.13980392156862745
12 0.6210947712418301 0.8795642701525055 0.06890522875816994 0.09610021786492375
12 0.29736928104575167 0.09440087145969499 0.05318627450980392 0.0593681917211329
12 0.9350653594771242 0.9765577342047931 0.023562091503267973 0.044183006535947714
12 0.4208986928104575 0.6666666666666666 0.060310457516339865 0.08993464052287582
12 0.9653267973856209 0.37141612200435725 0.05014705882352941 0.0947276688453159
12 0.8242156862745098 0.07091503267973856 0.061192810457516345 0.12596949891067538
12 0.19848039215686275 0.8040305010893246 0.08240196078431372 0.09139433551198257
12 0.28467320261437906 0.47917211328976034 0.07122549019607843 0.09701525054466231
12 0.9854738562091504 0.2449455337690632 0.0290359477124183 0.06490196078431372
12 0.9418954248366014 0.05477124183006536 0.08691176470588236 0.10832244008714596
12 0.7475653594771242 0.7519607843137255 0.05542483660130719 0.06925925925925926
12 0.3635294117647059 0.5169281045751635 0.09503267973856208 0.12010893246187364
12 0.9638725490196078 0.5084531590413943 0.062320261437908496 0.10074074074074074
12 0.04209150326797386 0.4759041394335512 0.08343137254901961 0.13265795206971678
12 0.10522875816993466 0.11507625272331155 0.08648692810457516 0.09716775599128541
12 0.2756372549019608 0.358082788671024 0.05032679738562092 0.08374727668845315
12 0.11315359477124183 0.8033769063180828 0.09570261437908496 0.10074074074074074
12 0.4462908496732026 0.9694117647058823 0.08135620915032679 0.060784313725490195
12 0.6645588235294118 0.9537037037037037 0.05480392156862745 0.09261437908496732
12 0.3176307189542483 0.39616557734204794 0.0872875816993464 0.10376906318082789
12 0.6977614379084967 0.5758387799564271 0.11199346405228759 0.1333115468409586
12 0.23181372549019608 0.5670588235294117 0.05542483660130719 0.08235294117647059
12 0.881830065359477 0.11466230936819173 0.0713562091503268 0.06775599128540305
12 0.8076143790849674 0.8203050108932461 0.059869281045751635 0.11507625272331155
12 0.16016339869281046 0.6588453159041395 0.0742156862745098 0.08069716775599128
12 0.030441176470588235 0.7721350762527234 0.06052287581699346 0.12272331154684095
12 0.7797875816993465 0.022570806100217864 0.0621078431372549 0.042570806100217864
12 0.4782679738562091 0.8593681917211329 0.06854575163398693 0.12037037037037036
12 0.02893790849673203 0.17139433551198258 0.0559313725490196 0.0745751633986928
12 0.45800653594771246 0.23372549019607844 0.045866013071895424 0.06734204793028323
12 0.8676797385620915 0.9683006535947712 0.055114379084967316 0.06342047930283225
12 0.39550653594771246 0.957037037037037 0.052026143790849674 0.08145969498910675
12 0.7543954248366013 0.09270152505446623 0.05655228758169935 0.10594771241830066
12 0.4672875816993464 0.3069716775599129 0.0780718954248366 0.12337690631808279
12 0.14624183006535948 0.4869716775599129 0.07410130718954248 0.09651416122004357
12 0.013398692810457516 0.24610021786492373 0.026813725490196078 0.05082788671023965
12 0.7045915032679738 0.10562091503267973 0.05736928104575163 0.06514161220043573
12 0.900392156862745 0.5507843137254902 0.029379084967320262 0.06466230936819171
12 0.5839869281045751 0.2496732026143791 0.08630718954248366 0.1118082788671024
12 0.9316339869281045 0.1723529411764706 0.07629084967320261 0.07540305010893246