12 0.748589164785553 0.6308665105386416 0.12621896162528218 0.2539578454332553
12 0.17554176072234762 0.5131615925058548 0.12041760722347629 0.14271662763466042
12 0.27930022573363433 0.4592037470725996 0.10339729119638826 0.25037470725995314
12 0.4553273137697517 0.6114285714285714 0.2015349887133183 0.28014051522248246
12 0.7060496613995485 0.4569320843091335 0.10089164785553048 0.22138173302107728
12 0.5468735891647856 0.28039812646370027 0.14367945823927764 0.2225058548009368
12 0.4238261851015801 0.27430913348946134 0.1242099322799097 0.1800936768149883
12 0.6577200902934537 0.5547072599531616 0.056241534988713315 0.16704918032786883
12 0.7119187358916479 0.30927400468384075 0.05023702031602709 0.08948477751756441
12 0.8012641083521445 0.4579391100702576 0.11816027088036117 0.24100702576112412
12 0.3044469525959368 0.3437236533957846 0.06878103837471783 0.08365339578454332
12 0.3840293453724605 0.522271662763466 0.04839729119638826 0.12885245901639344
12 0.23681715575620765 0.7102107728337236 0.07159142212189616 0.0585480093676815
12 0.2517042889390519 0.7558079625292741 0.09589164785553046 0.10758782201405152
12 0.7885778781038374 0.3789227166276347 0.040677200902934536 0.10119437939110071
12 0.3762189616252821 0.6742622950819672 0.040462753950338604 0.08257611241217798
12 0.5185553047404063 0.21264637002341918 0.03259593679458239 0.07009367681498829
12 0.3740180586907449 0.3067213114754098 0.04287810383747179 0.07629976580796252
12 0.2375507900677201 0.3758782201405152 0.029424379232505644 0.0609367681498829
12 0.5175733634311512 0.5116393442622951 0.033848758465011286 0.10402810304449649
12 0.21727990970654626 0.7715222482435597 0.03204288939051919 0.04491803278688525