12 0.42614849187935033 0.2947058823529412 0.17375870069605567 0.14931372549019606
12 0.2605104408352668 0.31468954248366016 0.16466357308584686 0.14490196078431375
12 0.6000928074245939 0.31883986928104574 0.1557308584686775 0.14465686274509804
12 0.7675174013921114 0.20910130718954248 0.17011600928074244 0.11859477124183006
12 0.7924825986078886 0.3273856209150327 0.2137122969837587 0.17163398692810458
12 0.6385614849187936 0.2221732026143791 0.11935034802784222 0.11676470588235294
12 0.35707656612529004 0.21423202614379086 0.07781902552204176 0.04370915032679738
12 0.2268909512761021 0.49047385620915035 0.1806032482598608 0.07091503267973856
12 0.5910672853828306 0.7070261437908496 0.13979118329466358 0.11877450980392157
12 0.364338747099768 0.5664052287581699 0.16925754060324827 0.0872875816993464
12 0.4638515081206496 0.2365686274509804 0.08640371229698376 0.037320261437908495
12 0.24665893271461717 0.26294117647058823 0.07955916473317866 0.03978758169934641
12 0.6361252900232018 0.17455882352941177 0.06473317865429234 0.02686274509803922
12 0.26658932714617173 0.5424836601307189 0.12324825986078886 0.1227450980392157
12 0.49122969837587005 0.837892156862745 0.07895591647331787 0.06348039215686274
12 0.6590255220417633 0.4643627450980392 0.09645011600928075 0.10931372549019609