12 0.5091372549019608 0.8876878612716763 0.1747450980392157 0.12248554913294799
12 0.15121568627450982 0.7592774566473988 0.2340392156862745 0.10228323699421965
12 0.23521568627450978 0.438728323699422 0.22658823529411765 0.09826589595375723
12 0.6618823529411765 0.7080057803468208 0.15603921568627452 0.08104046242774567
12 0.8612941176470588 0.5649421965317919 0.1284313725490196 0.052514450867052025
12 0.33011764705882357 0.9467919075144507 0.22062745098039216 0.10641618497109827
12 0.07384313725490195 0.6220809248554914 0.14101960784313725 0.09387283236994219
12 0.5419607843137254 0.3129768786127168 0.223921568627451 0.11919075144508672
12 0.37631372549019604 0.5234393063583815 0.160078431372549 0.10502890173410405
12 0.9123137254901961 0.8095664739884394 0.13333333333333333 0.10173410404624278
12 0.428 0.667485549132948 0.17921568627450982 0.13635838150289017
12 0.7791372549019608 0.647456647398844 0.0976470588235294 0.06719653179190752
12 0.9202745098039216 0.5258670520231213 0.13713725490196077 0.049132947976878616
12 0.6204705882352941 0.44384393063583816 0.16654901960784313 0.09589595375722543
12 0.856 0.2780635838150289 0.11501960784313725 0.061763005780346825
12 0.0776078431372549 0.5678612716763005 0.09839215686274509 0.055924855491329487
12 0.02980392156862745 0.44630057803468204 0.05956862745098039 0.044104046242774565
12 0.052627450980392156 0.48609826589595373 0.10525490196078431 0.05933526011560694
12 0.14176470588235293 0.3051734104046243 0.1063529411764706 0.07421965317919076
12 0.8334509803921568 0.396242774566474 0.04462745098039216 0.1145664739884393
12 0.7943921568627451 0.06549132947976878 0.0671764705882353 0.0680635838150289
12 0.3971764705882353 0.2793063583815029 0.1383137254901961 0.08416184971098266
12 0.07313725490196078 0.8837861271676302 0.09780392156862745 0.05317919075144508
12 0.8645882352941177 0.17445086705202312 0.08290196078431372 0.07806358381502891
12 0.09890196078431372 0.968699421965318 0.1407843137254902 0.06263005780346821
12 0.75 0.31127167630057806 0.13101960784313724 0.08063583815028902
12 0.030588235294117645 0.5927745664739884 0.059490196078431375 0.0611849710982659
12 0.468078431372549 0.41260115606936415 0.0936470588235294 0.054277456647398845
12 0.15925490196078432 0.5708092485549133 0.09450980392156863 0.05791907514450867
12 0.6105098039215686 0.6274277456647399 0.16537254901960785 0.08739884393063584
12 0.5442745098039216 0.5254046242774566 0.1188235294117647 0.06421965317919075
12 0.6843921568627451 0.8330057803468209 0.11694117647058824 0.08372832369942196
12 0.08737254901960785 0.7109248554913294 0.11941176470588236 0.06372832369942197