12 0.23265975820379967 0.5461281337047353 0.14611398963730568 0.6993036211699165
12 0.4250431778929188 0.8347632311977716 0.19775474956822106 0.3173537604456825
12 0.8844041450777202 0.6209470752089136 0.23120898100172713 0.7351253481894151
12 0.16271157167530223 0.2047632311977716 0.19715025906735753 0.40949860724233983
12 0.060207253886010365 0.28821727019498605 0.10265975820379965 0.127075208913649
12 0.061986183074265976 0.49651810584958217 0.12024179620034543 0.3356824512534819
12 0.13098445595854924 0.07707520891364902 0.10913644214162349 0.15217270194986074
12 0.602538860103627 0.3173537604456825 0.14196891191709846 0.16211699164345406
12 0.6655267702936096 0.6701671309192201 0.1252504317789292 0.21164345403899723
12 0.8676683937823834 0.14284122562674095 0.0568566493955095 0.28565459610027855
12 0.5083419689119171 0.5274930362116992 0.29590673575129534 0.7136490250696379
12 0.3950259067357513 0.11565459610027856 0.17383419689119173 0.2271866295264624
12 0.5375993091537132 0.28114206128133706 0.08269430051813471 0.2411699164345404
12 0.09136442141623488 0.39651810584958214 0.0629188255613126 0.1205849582172702