12 0.6106045751633987 0.43044117647058827 0.09501633986928104 0.13990196078431372
12 0.7187581699346405 0.4489705882352941 0.0784967320261438 0.11232843137254901
12 0.6621078431372549 0.7726960784313726 0.07794117647058824 0.13833333333333334
12 0.6909150326797385 0.3242892156862745 0.08135620915032679 0.09877450980392156
12 0.7534150326797385 0.5533333333333333 0.09398692810457517 0.11691176470588235
12 0.8647385620915033 0.6844362745098039 0.07251633986928105 0.12340686274509804
12 0.7285130718954249 0.18063725490196078 0.12401960784313726 0.15811274509803921
12 0.735359477124183 0.06482843137254901 0.11127450980392156 0.1054656862745098
12 0.8710947712418301 0.08931372549019607 0.08178104575163399 0.13274509803921566
12 0.9389705882352941 0.48377450980392156 0.1017483660130719 0.1556372549019608
12 0.868169934640523 0.5617647058823529 0.0907516339869281 0.13924019607843138
12 0.5966830065359477 0.08784313725490196 0.09790849673202615 0.1432843137254902
12 0.5844771241830066 0.7690441176470588 0.0872875816993464 0.13093137254901963
12 0.6293954248366013 0.296078431372549 0.07720588235294118 0.13512254901960785
12 0.8642647058823528 0.3673039215686275 0.08081699346405229 0.16259803921568627
12 0.7622058823529412 0.9125980392156862 0.09844771241830065 0.11544117647058824
12 0.888186274509804 0.2221078431372549 0.09998366013071895 0.12926470588235295
12 0.8041993464052288 0.47058823529411764 0.0794607843137255 0.0916421568627451
12 0.9477614379084967 0.34899509803921563 0.10125816993464053 0.13137254901960785
12 0.7890686274509804 0.6650490196078431 0.07794117647058824 0.12852941176470586
12 0.5737254901960784 0.21642156862745096 0.07990196078431372 0.10583333333333333
12 0.7016666666666667 0.5602941176470588 0.04434640522875817 0.13541666666666666
12 0.4921895424836602 0.3568627450980392 0.08434640522875816 0.08495098039215686
12 0.5517647058823529 0.5621323529411765 0.08588235294117648 0.12230392156862745
12 0.9570261437908497 0.7917401960784313 0.08331699346405229 0.19245098039215686
12 0.5395588235294118 0.6624754901960784 0.05410130718954248 0.09095588235294118
12 0.514640522875817 0.16002450980392158 0.06830065359477124 0.08340686274509804
12 0.49756535947712416 0.23821078431372547 0.05834967320261438 0.09063725490196077
12 0.8701143790849674 0.9580147058823529 0.11779411764705883 0.07622549019607844
12 0.6713888888888888 0.02889705882352941 0.06792483660130719 0.05781862745098039
12 0.9794934640522877 0.11196078431372548 0.04076797385620915 0.11333333333333334
12 0.9389705882352941 0.03916666666666667 0.05996732026143791 0.07355392156862746
12 0.7285130718954249 0.836421568627451 0.06573529411764706 0.09860294117647057
12 0.7172875816993465 0.7064215686274511 0.07184640522875817 0.1385294117647059
12 0.4929248366013072 0.6317156862745098 0.055816993464052285 0.07575980392156863
12 0.5224673202614379 0.4702205882352941 0.05542483660130719 0.06556372549019608
12 0.7290032679738562 0.6540441176470588 0.06176470588235294 0.06348039215686274
12 0.8369117647058825 0.8063970588235294 0.05014705882352941 0.08357843137254903
12 0.46191176470588236 0.21825980392156863 0.035212418300653595 0.07818627450980392
12 0.8090849673202615 0.02375 0.06243464052287582 0.04497549019607844
12 0.663578431372549 0.6705392156862745 0.0643954248366013 0.09316176470588235
12 0.509281045751634 0.03649509803921569 0.03753267973856209 0.06830882352941177
12 0.4802287581699346 0.3158578431372549 0.04083333333333333 0.05291666666666667
12 0.5996078431372549 0.017818627450980392 0.04336601307189542 0.030735294117647055
12 0.9892647058823528 0.7001960784313725 0.021486928104575163 0.05556372549019608
12 0.7441339869281046 0.011446078431372549 0.050408496732026145 0.022696078431372547