12 0.7043650793650794 0.8061656746031746 0.46296296296296297 0.31173859126984127
12 0.7714847883597883 0.6616220238095237 0.4228505291005291 0.21972718253968254
12 0.28108796296296296 0.5590823412698412 0.39941468253968254 0.25537202380952384
12 0.3346362433862434 0.9252926587301588 0.3278009259259259 0.1409920634920635
12 0.7526058201058201 0.44067460317460316 0.45084656084656083 0.23339781746031746
12 0.1302910052910053 0.7446279761904763 0.25830026455026456 0.16235367063492065
12 0.7994808201058201 0.1977529761904762 0.39192791005291006 0.2717286706349206
12 0.37727843915343917 0.7983407738095237 0.3009424603174603 0.13757440476190477
12 0.2540674603174603 0.18981894841269842 0.3489583333333333 0.2407217261904762
12 0.24641865079365077 0.8759771825396826 0.3046891534391534 0.10797123015873016
12 0.5644543650793651 0.44409226190476186 0.3278009259259259 0.1729737103174603
12 0.3139649470899471 0.41723710317460316 0.3639318783068783 0.21606398809523808