12 0.24707516339869282 0.3259506172839506 0.20398692810457517 0.5083703703703704
12 0.40429738562091505 0.40654320987654324 0.509281045751634 0.7902222222222223
12 0.7522222222222222 0.860716049382716 0.23459150326797384 0.22864197530864197
12 0.3041993464052287 0.8226913580246914 0.08990196078431373 0.064320987654321
12 0.8872058823529412 0.10607407407407407 0.1229248366013072 0.13022222222222224
12 0.09253267973856209 0.41871604938271606 0.11816993464052286 0.17893827160493828
12 0.7973692810457517 0.12701234567901235 0.07990196078431372 0.1017283950617284
12 0.0346078431372549 0.30232098765432097 0.06769607843137254 0.0945432098765432
12 0.0643954248366013 0.2045679012345679 0.12401960784313726 0.11990123456790124
12 0.3977124183006536 0.1785679012345679 0.14905228758169933 0.25841975308641973
12 0.26562091503267976 0.17135802469135805 0.08709150326797385 0.18612345679012346
12 0.4064869281045752 0.040123456790123455 0.06756535947712418 0.07997530864197532
12 0.04681372549019608 0.4851358024691358 0.027434640522875815 0.060691358024691354
12 0.9531209150326796 0.7407901234567901 0.021356209150326797 0.044543209876543206
12 0.6445261437908496 0.2622962962962963 0.044526143790849675 0.1334567901234568
12 0.178218954248366 0.8743456790123457 0.14318627450980392 0.19479012345679012