12 0.6206045751633987 0.25179487179487176 0.0780718954248366 0.13589743589743591
12 0.5141666666666667 0.49293447293447296 0.5571241830065359 0.7317378917378917
12 0.4243137254901961 0.440997150997151 0.08568627450980391 0.1390883190883191
12 0.3398366013071895 0.26817663817663817 0.10668300653594773 0.05931623931623932
12 0.4643627450980392 0.24136752136752138 0.07452614379084967 0.10769230769230768
12 0.36792483660130715 0.3494871794871795 0.10967320261437909 0.09056980056980057
12 0.7719771241830066 0.2334757834757835 0.19225490196078432 0.18507122507122506
12 0.2668464052287582 0.6810826210826211 0.07519607843137255 0.17772079772079774
12 0.5278267973856209 0.22709401709401708 0.06281045751633986 0.09786324786324786
12 0.3022385620915033 0.191994301994302 0.05071895424836601 0.15706552706552707
12 0.7075163398692811 0.28074074074074074 0.07091503267973856 0.19772079772079773