12 0.5175925925925926 0.5086792452830189 0.23155555555555557 0.641132075471698
12 0.8085925925925925 0.6797169811320755 0.11218518518518518 0.12933962264150944
12 0.14477777777777778 0.42816037735849055 0.10651851851851853 0.12226415094339624
12 0.7538888888888889 0.6050943396226415 0.07044444444444445 0.07650943396226415
12 0.7568518518518518 0.4629716981132076 0.04162962962962963 0.12033018867924529
12 0.489 0.2010377358490566 0.2680740740740741 0.24410377358490565
12 0.8715925925925926 0.5935849056603774 0.060222222222222226 0.09551886792452831
12 0.354 0.3383018867924528 0.09174074074074073 0.1961792452830189
12 0.2627037037037037 0.1994811320754717 0.13207407407407407 0.14613207547169813
12 0.2481851851851852 0.3840094339622641 0.11903703703703704 0.15259433962264152
12 0.4592222222222222 0.4197641509433962 0.05348148148148148 0.10174528301886793
12 0.4587407407407407 0.14141509433962265 0.06440740740740741 0.07415094339622642
12 0.33862962962962967 0.7045754716981132 0.1165925925925926 0.1421698113207547
12 0.3938148148148148 0.19683962264150942 0.06951851851851852 0.1125
12 0.5717777777777777 0.4225 0.5743703703703704 0.5031603773584906
12 0.331037037037037 0.5124056603773585 0.1312222222222222 0.12080188679245282