12 0.7034452736318408 0.7127676240208878 0.16310945273631838 0.2424934725848564
12 0.8808582089552239 0.10134464751958223 0.17786069651741293 0.1979503916449086
12 0.8305721393034825 0.603733681462141 0.25024875621890547 0.16579634464751958
12 0.7221641791044776 0.11083550913838121 0.15588308457711442 0.13197127937336814
12 0.8544900497512438 0.8522976501305484 0.2624502487562189 0.2018015665796345
12 0.439452736318408 0.29673629242819843 0.10503731343283583 0.21013054830287206
12 0.19177860696517413 0.06505221932114882 0.16723880597014926 0.12595300261096606
12 0.40233830845771146 0.14325065274151436 0.14832089552238806 0.1303655352480418
12 0.41455223880597014 0.8338381201044387 0.35375621890547265 0.11941253263707571
12 0.5869154228855721 0.6073237597911227 0.09088308457711441 0.252402088772846
12 0.952723880597015 0.48610966057441257 0.09453980099502488 0.12428198433420366