13 0.24132352941176471 0.9074938574938576 0.48264705882352943 0.18503685503685505
13 0.209281045751634 0.6942997542997542 0.4185457516339869 0.20093366093366094
13 0.22937908496732026 0.5456019656019656 0.45877450980392154 0.1416953316953317
13 0.25955882352941173 0.402014742014742 0.5191013071895425 0.1417690417690418
13 0.22058823529411764 0.3113267813267813 0.4411764705882353 0.1267076167076167
13 0.30869281045751634 0.2448157248157248 0.6143790849673203 0.1448894348894349
13 0.3600980392156863 0.1474938574938575 0.7202124183006535 0.14304668304668305
13 0.3104575163398693 0.06115479115479116 0.6209150326797386 0.11022113022113023
13 0.8054248366013073 0.1391154791154791 0.3891339869281046 0.2782063882063882
13 0.8037908496732027 0.25557739557739556 0.38838235294117646 0.16262899262899264
13 0.7450980392156863 0.36685503685503684 0.5098039215686274 0.15464373464373463
13 0.7538888888888888 0.460958230958231 0.4922058823529412 0.09336609336609336
13 0.7677287581699347 0.5871744471744471 0.46455882352941175 0.1492137592137592
13 0.7325326797385621 0.672014742014742 0.5349346405228758 0.179017199017199
13 0.6941993464052288 0.7723341523341523 0.6116176470588235 0.1717936117936118
13 0.7557843137254903 0.9263882063882064 0.48843137254901964 0.14722358722358722